0.134364244112	 0.847433736937	 12.8862368245
0.763774618977	 0.255069025739	 13.3737652288
0.495435087092	 0.449491064789	 14.4539018978
0.651592972723	 0.788723351136	 16.894755614
0.0938595867742	 0.028347476522	 6.89755682486
0.83576510392	 0.432767067905	 15.6614651218
0.762280082458	 0.00210605335111	 11.5173952588
0.445387194055	 0.721540032341	 15.3663528827
0.22876222127	 0.945270695554	 14.7353251951
0.901427457611	 0.0305899830336	 12.7253658979
0.0254458609935	 0.541412472793	 11.0295173668
0.939149162779	 0.381204237688	 16.2194766445
0.216599397131	 0.422116575583	 11.2300863586
0.0290407875749	 0.221691666273	 7.80546746916
0.437887593651	 0.495812241382	 14.3300012737
0.233084450258	 0.230866541541	 9.33283872746
0.218781037338	 0.459603465738	 11.6608517548
0.28978161459	 0.0214897052659	 8.37021452512
0.837577975663	 0.556454322652	 16.7948800906
0.642294362932	 0.185906265895	 12.5889899945
0.992543412176	 0.859946528795	 19.917186872
0.120889959806	 0.33269518536	 9.51686782325
0.721484407583	 0.711191769695	 16.8152591942
0.936440586799	 0.422106999961	 16.6537536377
0.830035693274	 0.670305566414	 17.1501110588
0.303368510933	 0.587580606144	 13.4415746604
0.882479000832	 0.846197418428	 18.1999307138
0.50528382058	 0.589002257983	 15.652597571
0.0345258301513	 0.242739973543	 8.02411219735
0.797404247554	 0.414313999301	 15.2280208601
0.173007401579	 0.548798761388	 12.0935233389
0.703040762066	 0.674485830502	 16.7342305468
0.374703020502	 0.438961630045	 13.0200483507
0.50842648825	 0.778442615	 16.1252001187
0.520938417613	 0.393255094964	 14.0348476513
0.489693520462	 0.0295749639669	 10.633395654
0.0434872903565	 0.703382088604	 11.7190599913
0.98318771731	 0.59318373038	 18.8345881703
0.393599686378	 0.170349196856	 10.5530792983
0.502238558433	 0.982076637539	 18.2115401761
0.770523139831	 0.53961744845	 16.3441489239
0.860289778921	 0.232176128063	 13.7177408498
0.513771663188	 0.952467388268	 17.8268015689
0.577794807801	 0.459131731911	 15.1502279789
0.269279477441	 0.547996309466	 12.8782189576
0.95711628146	 0.00570912945039	 13.3259051605
0.783655232615	 0.820485911925	 17.3193325565
0.886179580826	 0.740503411833	 17.7602307917
0.809139900872	 0.518678283523	 16.3450112287
0.561357864778	 0.426090679688	 14.6964996649
0.0561232975207	 0.870010155177	 12.5621986887
0.569999333876	 0.199839420177	 12.4189482314
0.504720467429	 0.484925112228	 14.9014246785
0.356789964545	 0.346077919018	 11.7426481861
0.538478795738	 0.623489452798	 16.0459766532
0.612452464783	 0.4581468001	 15.2872543416
0.0279749840838	 0.229605031277	 7.86296849478
0.177211258939	 0.584460870778	 12.3259013625
0.861008860853	 0.798438940577	 17.6880489127
0.797097562635	 0.816437370561	 17.3511075796
0.255294040087	 0.841744832274	 13.7659177006
0.673113525439	 0.0832341378039	 11.9511075715
0.0166906301156	 0.0145599749248	 6.24539840633
0.755586775252	 0.249559225653	 13.3023122992
0.109488627294	 0.624802084152	 12.0205316636
0.344422864096	 0.0695153785308	 9.30508312281
0.159625524694	 0.527380399048	 11.8466911963
0.168144946222	 0.272914436819	 9.21320297514
0.711589927185	 0.454701630046	 15.4518608576
0.322001766387	 0.47377101417	 12.7912273368
0.023634577632	 0.386557104761	 9.46218769213
0.420918679209	 0.188039304751	 10.9967463168
0.108761692445	 0.899818500356	 13.2468061604
0.510115980929	 0.209090992552	 12.0688564825
0.605648640034	 0.817039668378	 16.9034957268
0.0208181085093	 0.0178645208278	 6.30240890997
0.146461740399	 0.718835472762	 12.4391962014
0.16022759263	 0.704605627852	 12.5121243418
0.678175795277	 0.544702163579	 16.2066760333
0.220599748023	 0.975594517818	 15.1544158374
0.797810857706	 0.516599516949	 16.2720578738
0.223195780247	 0.648506418099	 12.8918112983
0.394898009858	 0.575845962788	 14.4173234918
0.321245809345	 0.630947861271	 13.7894456716
0.0587851162065	 0.298605949623	 8.73220275566
0.967903310151	 0.875534244235	 19.6519599162
0.306386620333	 0.858514406357	 14.407779618
0.310363627353	 0.939288432135	 15.4219480216
0.743842118667	 0.416172262765	 15.0784373612
0.25235810228	 0.00848026246367	 7.91159532139
0.878717898209	 0.0379165305986	 12.5202618259
0.819414110613	 0.962201125181	 19.104972858
0.570280570245	 0.171517095178	 12.2127276272
0.867781064435	 0.97377523616	 19.6717657342
0.70402314233	 0.508873746078	 15.9674894978
0.377968834344	 0.346930884563	 11.9978919786
0.205761757295	 0.674153014247	 12.7998398218
0.4329501211	 0.194118644985	 11.1782351432
0.104424222842	 0.665957528279	 12.0805387459
0.296072673083	 0.499799922237	 12.7649308329
0.325345654876	 0.871621507424	 14.735783531
0.899678269635	 0.0180929836405	 12.6096445369
0.200853011441	 0.327740705096	 10.0209653404
0.987049717928	 0.782700375729	 19.3425677584
0.339095647851	 0.213029796381	 10.2423964745
0.674455069724	 0.837701070154	 17.2107944809
0.932187471894	 0.343849814791	 15.6862849342
0.882393202466	 0.687110182154	 17.6347186287
0.484498722612	 0.985508229826	 18.1052086412
0.234640434871	 0.725465186241	 13.1109674558
0.0846802304165	 0.169694141794	 7.80473668571
0.910987783508	 0.212968194991	 14.1209336085
0.759116182716	 0.600208830132	 16.6455793918
0.841132195706	 0.368107999406	 14.9535572166
0.340285235002	 0.291215287411	 10.9616969399
0.867419823587	 0.603982528892	 17.2846027463
0.954307457172	 0.887265104717	 19.5591075665
0.135345977395	 0.551170474069	 11.8509460945
0.104274998015	 0.0391377985969	 7.04643036752
0.0731934188323	 0.866168357367	 12.6432903496
0.788116448725	 0.828505971469	 17.3877032573
0.340897464117	 0.615186032559	 13.9598602605
0.781903601633	 0.378039628838	 14.7423254167
0.570781525599	 0.223714072749	 12.6122314489
0.0817432623524	 0.266723642982	 8.57414637084
0.890768127855	 0.56444683324	 17.3417886395
0.925067202108	 0.457769259041	 16.8843406146
0.277182766108	 0.78701466356	 13.6604367234
0.827768156646	 0.0123817444867	 11.8931277987
0.670411639024	 0.0916831226165	 12.0033748424
0.115102498428	 0.88506007038	 13.1175738592
0.0400235368902	 0.239633364868	 8.0373459212
0.988158498606	 0.42101358743	 17.4729683248
0.115558180592	 0.167383437461	 7.99374392851
0.241420285098	 0.744006416537	 13.2039219384
0.102834145986	 0.910764418279	 13.3451917389
0.378277270544	 0.970264036528	 16.6754392143
0.909222728151	 0.294023584949	 14.8331094846
0.253410136041	 0.477010095972	 12.135880955
0.10012914395	 0.652050199489	 12.0258976153
0.0396202134137	 0.0105061515187	 6.38551909664
0.98258362655	 0.295549860049	 15.9614692714
0.596570643188	 0.44984453463	 15.1379049788
0.313280861069	 0.0629647900476	 8.91589968839
0.913392017166	 0.969813276838	 20.1279463557
0.969796504496	 0.111362310127	 14.2803461522
0.215193270036	 0.617806880012	 12.7454713589
0.97995288589	 0.542913197485	 18.4979873595
0.688189808048	 0.661834428875	 16.6916807948
0.259085991854	 0.541602262913	 12.7391458494
0.307321117813	 0.246381196085	 10.1749710307
0.0813687653838	 0.280786723565	 8.70734072005
0.983376717219	 0.447902240533	 17.6917805998
0.652010534513	 0.64346608027	 16.5931715291
0.940734522249	 0.390478551139	 16.35142811
0.306784294852	 0.327241414687	 10.9774627549
0.316735146886	 0.847134765826	 14.4216346603
0.893500245522	 0.302809329673	 14.7309073162
0.334333405651	 0.544225414182	 13.529252302
0.578985436317	 0.595962540001	 16.1938031225
0.245098003895	 0.0203740284463	 7.93875835588
0.243759299828	 0.0723275338714	 8.30092379668
0.551204754916	 0.0709163675395	 11.421275569
0.0751297922545	 0.635382093563	 11.8198721388
0.290821550419	 0.792184757882	 13.817266521
0.49326104275	 0.86264897778	 16.5096152221
0.154179596163	 0.501429585947	 11.5931444289
0.794983493746	 0.0771069862639	 12.1818736496
0.949227948973	 0.173242108372	 14.3697677506
0.776208982986	 0.984895871144	 19.2827038375
0.821550144744	 0.319784002793	 14.2734585716
0.106877734582	 0.514358251055	 11.3891901523
0.919356939211	 0.293489494371	 14.9617391899
0.893758797696	 0.141680647027	 13.3930460959
0.910481674393	 0.0317599458973	 12.8483456134
0.316068677761	 0.903088283714	 14.9871968672
0.803856280984	 0.907153766997	 18.2187342719
0.840718522247	 0.746184885405	 17.3482208609
0.6895951793	 0.178154865644	 12.6170269873
0.432638000976	 0.157896943752	 10.9152591262
0.714824451969	 0.667778739686	 16.7404098762
0.252586407794	 0.0644141933477	 8.3250586518
0.963385883322	 0.808252628372	 19.0614449336
0.549269931393	 0.541377651985	 15.7170181666
0.851292666331	 0.453309677622	 16.0078155284
0.395710444721	 0.338669144895	 12.1115245424
0.257969092472	 0.0244085028251	 8.08524517464
0.646438844	 0.416683882298	 14.9221633254
0.570603631578	 0.0623216308035	 11.4777336211
0.354943443686	 0.138284113955	 9.88424718024
0.125129015285	 0.259112968916	 8.79144547863
0.828934380985	 0.397797313065	 15.2127199424
0.401082151921	 0.612444922993	 14.646794799
0.233529653296	 0.00747717304213	 7.73885296831
0.528701739887	 0.500899619557	 15.2471682029
0.648839592341	 0.438316955642	 15.1720671615
0.686513130658	 0.731421949161	 16.7966266968
0.238374675162	 0.495072250716	 12.1761370731
0.478826887582	 0.225062085039	 11.9086084602
0.412246132917	 0.560407434488	 14.532347504
0.906939504506	 0.917706583838	 19.2573232171
0.275225363466	 0.646415175643	 13.3524490235
0.0481973433614	 0.0715513882279	 6.89216516105
0.5116917092	 0.877424078946	 16.8187626198
0.159467730758	 0.766027858797	 12.6278563962
0.883009569376	 0.311802031835	 14.7076660353
0.692556964603	 0.848991122487	 17.325302117
0.371614330748	 0.701282662908	 14.4896058057
0.736418116575	 0.594577804841	 16.5715746963
0.856277138913	 0.896604371116	 18.4448569307
0.960078816965	 0.571232694218	 18.344991143
0.176275895206	 0.250595408877	 9.06321638403
0.217618688507	 0.569517349598	 12.5556730528
0.757750114666	 0.0521332211422	 11.8809856599
0.681636455607	 0.717153263368	 16.7659587107
0.347981507957	 0.515055804293	 13.4620660935
0.164798152031	 0.729896150487	 12.5831103839
0.0407086873365	 0.981221058148	 13.987441139
0.807943733448	 0.628448501982	 16.9277180518
0.267526244647	 0.912862890092	 14.6194110919
0.959438837877	 0.139126159021	 14.2961482353
0.775757250316	 0.841930858544	 17.4380187445
0.659717356314	 0.700407766417	 16.7051824537
0.445058732115	 0.924307802625	 16.7367839748
0.971207528196	 0.38235331282	 16.7385906523
0.8027115308	 0.432921591381	 15.4648026335
0.164754218683	 0.325467276857	 9.73293781532
0.126330074835	 0.908884759903	 13.4763636845
0.959424080044	 0.119186732406	 14.1634109473
0.600679081187	 0.408224097709	 14.6859789161
0.118090031002	 0.295475514812	 9.09939227862
0.248216371081	 0.74957681119	 13.2759918186
0.00400895595405	 0.189838703933	 7.36530032981
0.43877307012	 0.0210346730859	 10.0420441298
0.627526588537	 0.605627538579	 16.4210084728
0.835332350883	 0.206605815685	 13.308180414
0.284781613562	 0.542339430753	 12.9908859249
0.273225697213	 0.585738083403	 13.1297613908
0.25088222945	 0.683527152586	 13.1911954444
0.791090718368	 0.808654620164	 17.2818648094
0.97361610955	 0.545377003826	 18.4085883618
0.490809279829	 0.855697699799	 16.4242654102
0.769067385859	 0.570544629387	 16.5336573531
0.383256384766	 0.284047445734	 11.3849291417
0.108139208734	 0.807549089373	 12.4495844775
0.118071530531	 0.747265234688	 12.3021879852
0.545287089768	 0.964945328786	 18.2651938627
0.761065659853	 0.97351978458	 19.0449825052
0.13659401294	 0.500371473832	 11.4649480586
0.572578287165	 0.311251457312	 13.4500930765
0.503032488206	 0.356818763603	 13.4599737621
0.528393971351	 0.00084471794889	 10.7434893475
0.442314332112	 0.449552143739	 13.913159312
0.304799188221	 0.399402747597	 11.7855714018
0.783087311172	 0.683412883963	 16.9276764878
0.492299132892	 0.647668241842	 15.7260922119
0.377558211851	 0.203914050437	 10.6131528839
0.00387565787756	 0.277621251609	 8.1126685819
0.598164198714	 0.881662933071	 17.4067577111
0.829421249989	 0.510960207871	 16.4024306827
0.987018145049	 0.46158097387	 17.8999825229
0.834593486167	 0.408965341281	 15.3813853758
0.744630617739	 0.987591691223	 19.243321756
0.305336592368	 0.170312825213	 9.55534766411
0.620033708728	 0.530956180374	 15.9802566241
0.359422031985	 0.00351924209705	 8.99090045394
0.38916264161	 0.425869472104	 13.0417963726
0.405252071738	 0.861245308978	 15.5544940909
0.584428027082	 0.733830792453	 16.5209244177
0.897909171637	 0.748773463575	 17.9134717833
0.492702051905	 0.745768340287	 15.893407627
0.640355400495	 0.648745434663	 16.5790333752
0.629675358689	 0.406998974988	 14.7689130952
0.629262031288	 0.633732510946	 16.5147891782
0.937117959539	 0.782473685371	 18.5390079351
0.846268066601	 0.767499790143	 17.4457118995
0.815325861991	 0.60546239473	 16.892898391
0.349450088387	 0.264583258318	 10.8054523081
0.708020027065	 0.873942074813	 17.5759703461
0.544246757803	 0.152069966958	 11.9175063044
0.832975285197	 0.484543078911	 16.1865870263
0.467102628278	 0.0453880598457	 10.5259268256
0.51028092279	 0.744747665455	 16.0482029801
0.422597811146	 0.355177313589	 12.6098579421
0.656843538899	 0.0197413873981	 11.4697517845
0.507163596975	 0.946127095533	 17.672323136
0.690447591938	 0.401923728257	 14.8276140854
0.688908236293	 0.604993919316	 16.5400467419
0.208889391483	 0.20770833073	 8.94785236852
0.886025289699	 0.269069210206	 14.3085743745
0.0748847775101	 0.830677590596	 12.3655096393
0.523197767576	 0.368208165973	 13.7608483552
0.511518922133	 0.736725688351	 16.0425962689
0.168553607888	 0.653066998237	 12.487915003
0.7134369984	 0.815003443928	 17.12025424
0.269760633676	 0.609666330664	 13.1952789296
0.232113878373	 0.56104467362	 12.6266516381
0.172362971929	 0.789767624881	 12.8008059144
0.86671786465	 0.329643560321	 14.7352619184
0.222318561813	 0.963788417056	 14.9738439906
0.706690313252	 0.843792622245	 17.3038707603
0.0305344749374	 0.899393311653	 12.7001205174
0.622452060898	 0.316529154241	 13.7138702118
0.431765622892	 0.761592993501	 15.2983473546
0.785411955931	 0.189900868181	 12.9104786885
0.625886505338	 0.165629527502	 12.4011834467
0.973049831235	 0.443576556306	 17.4708276455
0.913145005203	 0.728247844787	 18.0650461442
0.606259904396	 0.261984031345	 13.1095704692
0.526592322905	 0.138619741637	 11.6980316576
0.138097993239	 0.715749766236	 12.3782393187
0.361089768333	 0.751376311487	 14.4549652292
0.240493603914	 0.718158142315	 13.1496264176
0.718476926397	 0.305495881053	 13.7754925719
0.10638543388	 0.397007855187	 10.1616797636
0.492361500327	 0.0999742146978	 11.1489053281
0.186761260368	 0.0553430528155	 7.72583709257
0.597513571555	 0.888876123372	 17.48371497
0.21655779096	 0.0347134358768	 7.80595908141
0.703923594419	 0.81491055879	 17.1058892456
0.964121586734	 0.613178956824	 18.5947505831
0.342443165652	 0.837868618031	 14.6347563766
0.118067105213	 0.69263693819	 12.211890582
0.0952308492516	 0.399705747017	 10.1190858017
0.495022881402	 0.377894273032	 13.6318979876
0.168597578804	 0.231717312602	 8.8444336361
0.8201499975	 0.462575804792	 15.882077933
0.579932744724	 0.211907017616	 12.5647877116
0.714935058787	 0.330117259147	 14.0362790444
0.593618587486	 0.909487062796	 17.7168849349
0.994393408886	 0.0462179483131	 14.2528690739
0.797442711929	 0.857587825361	 17.6527115063
0.319574437207	 0.383147625982	 11.7537994835
0.580253759676	 0.918840230971	 17.7785144661
0.399928593338	 0.880030168773	 15.678355895
0.758560528204	 0.152273079706	 12.5579272394
0.913679920364	 0.01518105259	 12.7647257225
0.145178250047	 0.664811212887	 12.3493297119
0.0571196866389	 0.379489885674	 9.62351687693
0.129978858527	 0.462889273853	 11.055522804
0.839980343755	 0.906084351349	 18.4288757483
0.0354696403219	 0.0608517566689	 6.72591612505
0.840624035365	 0.0428147832556	 12.2120586777
0.273590265071	 0.117436717693	 8.87715760798
0.0910377069571	 0.0276228897248	 6.87330047648
0.637513012665	 0.74461426794	 16.7308605807
0.686771376559	 0.845622771918	 17.2898424887
0.663016188499	 0.389701927675	 14.6419827853
0.631063023716	 0.969594808369	 18.7390062594
0.641603333023	 0.243091734092	 13.0450008487
0.06018409571	 0.93516599974	 13.3939367062
0.590495498294	 0.34961474261	 13.9627484837
0.605352749661	 0.560257596063	 16.1278622189
0.522171772787	 0.0608046420295	 11.1416547984
0.353227552376	 0.41265002294	 12.4733982064
0.199368340609	 0.880105231229	 13.6498436284
0.424119777381	 0.662385665402	 15.0389689711
0.713546449446	 0.743283060273	 16.8582489028
0.721115290913	 0.752208501639	 16.8897205387
0.251580694151	 0.976403676693	 15.4332933534
0.151009753784	 0.918647395099	 13.7705455825
0.854568775208	 0.85216429118	 17.9775752782
0.0528112548375	 0.0912180834439	 7.05790901616
0.813055802232	 0.469166826465	 15.9090241378
0.370253191138	 0.984687472229	 16.8241604977
0.0401179352896	 0.531465053806	 11.066120675
0.443349776151	 0.128203123029	 10.8341968048
0.395188262786	 0.707647404811	 14.7736656427
0.882315609202	 0.0246197114633	 12.4598661765
0.524509558603	 0.0903765950353	 11.3616628812
0.800393457155	 0.0857852794367	 12.2652537241
0.0341933210171	 0.384236202077	 9.51395310404
0.732606174506	 0.313206693047	 13.8809035621
0.130004899653	 0.794572222085	 12.5321563779
0.806919381895	 0.855859798773	 17.6835456489
0.303744473264	 0.424830361019	 12.067589556
0.245389994254	 0.557177493017	 12.7178651154
0.33010716679	 0.338663335959	 11.3571336527
0.78362141841	 0.95629616004	 18.8373121098
0.584140319237	 0.10468793012	 11.8331926271
0.652574932685	 0.448611717848	 15.2929250877
0.988030557026	 0.719381495148	 19.2051895478
0.834786106507	 0.701286260188	 17.2290924231
0.535619005786	 0.896818391828	 17.2242002057
0.831617064708	 0.291325887614	 14.0396858846
0.15703189522	 0.370351868788	 10.1892922999
0.521077672573	 0.0973800898306	 11.3811470183
0.345379286456	 0.574905664212	 13.8388999729
0.0435746185519	 0.814948676519	 12.048044223
0.651117045683	 0.31365017159	 13.7553669501
0.298320981255	 0.352616140788	 11.1745636936
0.325288696205	 0.748513776959	 14.0439666672
0.501056857471	 0.5261283973	 15.2287703603
0.148756498971	 0.914418002418	 13.6986055081
0.325572928672	 0.327564452388	 11.1835067958
0.0688461396978	 0.979411581752	 14.1556036474
0.479697841809	 0.912884737284	 16.9435033627
0.927617242497	 0.969752143178	 20.3213697175
0.815629287732	 0.925443225191	 18.5261960862
0.92228932365	 0.801367678166	 18.4072829834
0.134581216043	 0.523711722286	 11.6485572895
0.575604013004	 0.992497527986	 18.9102497294
0.783948549966	 0.702916216655	 16.9588603926
0.746649036844	 0.361577764083	 14.4499067841
0.94231355784	 0.643500889615	 18.3384491883
0.40257460853	 0.464571577298	 13.6205425356
0.979754927311	 0.532128397432	 18.4171753044
0.167797535874	 0.148354994134	 8.21528114238
0.687242196658	 0.562775530915	 16.3348228987
0.906806261188	 0.184600344049	 13.8513379067
0.411108813727	 0.727960218636	 14.9901064037
0.0501050339023	 0.0992224065855	 7.09198508776
0.545707901428	 0.265729216595	 12.8292625958
0.106937596234	 0.261697568497	 8.69507990731
0.632141087735	 0.526377436824	 15.9804288204
0.0784967605408	 0.0728114455507	 7.11141173029
0.850626991819	 0.643238960492	 17.2524507723
0.173367258247	 0.861834067345	 13.2776603235
0.021849383342	 0.368104792386	 9.23365093804
0.84762973701	 0.710278412755	 17.3395231089
0.283752405792	 0.891281494501	 14.5108219519
0.598078001243	 0.865493319175	 17.2427782915
0.892793374026	 0.425444077344	 16.114328318
0.675600337738	 0.544476314728	 16.2011336224
0.944735237873	 0.798160742835	 18.7183376633
0.725818500464	 0.814032374626	 17.1342039849
0.998159952285	 0.256561185474	 15.8506016455
0.201363630655	 0.74678281346	 12.8826752427
0.770332510626	 0.514283797712	 16.1480802716
0.487075813684	 0.403743070482	 13.8587050389
0.882696930394	 0.796231877642	 17.8945045613
0.584597598207	 0.0401190843569	 11.3913409723
0.85114159426	 0.458453677642	 16.0613354381
0.189760528211	 0.299354275286	 9.63339850975
0.69133447589	 0.00550707832554	 11.4151633304
0.12004464732	 0.302653636876	 9.18664739025
0.887191355183	 0.746860439446	 17.7848311181
0.97079172564	 0.54302873943	 18.3456693941
0.571968227579	 0.551376806814	 15.9201143541
0.525627213802	 0.542040571121	 15.5517581973
0.818567551127	 0.953368734701	 18.9591995951
0.40830076935	 0.629965242602	 14.7847902028
0.307759407554	 0.301910386465	 10.7157849297
0.506317350598	 0.586267658624	 15.649032392
0.549994466994	 0.976579703201	 18.4888397105
0.162971237695	 0.636664412987	 12.4118494972
0.994531008781	 0.736135286551	 19.3458271002
0.565908514233	 0.3683631526	 14.0537852116
0.402138883483	 0.936523092233	 16.4247252427
0.895330449574	 0.669676289099	 17.7542718306
0.898747891862	 0.925163649693	 19.2582467863
0.846343569493	 0.383416192747	 15.1724231255
0.464364642441	 0.795907503229	 15.7736912687
0.372633029788	 0.749363808723	 14.5841667779
0.481420381134	 0.336541305396	 13.0279253796
0.45614828768	 0.116509456066	 10.8952718904
0.354496755784	 0.415194430562	 12.5172546984
0.0181635766849	 0.17207397382	 7.34695562068
0.260233047364	 0.857884028011	 13.944477424
0.589577136831	 0.287144906444	 13.2843420889
0.997726696826	 0.25792060002	 15.8555356698
0.513788337166	 0.739519785499	 16.0671171909
0.69132054056	 0.433502684056	 15.1905112511
0.776997692242	 0.485794106241	 15.9137555778
0.715465067548	 0.491376541178	 15.8269131252
0.971494685128	 0.716179940292	 18.9213189687
0.0913772364292	 0.129470126377	 7.57586182918
0.966514797133	 0.229228375332	 15.0754381601
0.0261360489075	 0.253223748175	 8.05497114402
0.47978705745	 0.952168562255	 17.5119054288
0.399129902196	 0.723505587782	 14.8437259381
0.83436252179	 0.0891620176113	 12.4874593943
0.611891954801	 0.995784357569	 19.1238948506
0.549595968561	 0.534486177727	 15.6697993488
0.346702538781	 0.946105395642	 15.9258640567
0.969599238977	 0.103169849027	 14.2228879097
0.552833860212	 0.419629229865	 14.5702959631
0.671646160939	 0.118646636569	 12.1841315578
0.265334290896	 0.278753378831	 10.056907453
0.479712939301	 0.793282834471	 15.9175005212
0.857847512124	 0.786423640059	 17.6083073331
0.67680683467	 0.0871927579224	 11.9835575668
0.389717073171	 0.668701622242	 14.6520122706
0.294247781351	 0.507818397119	 12.8170118338
0.905078361877	 0.116157037065	 13.3607084515
0.853876653904	 0.105829672136	 12.7508239169
0.386364434761	 0.90538940357	 15.8146869222
0.201200061792	 0.520742626917	 12.0957276806
0.416604032689	 0.887947283202	 15.9579255337
0.992064696079	 0.288592561103	 16.0530151784
0.492476542545	 0.895005150215	 16.8430645279
0.544795676418	 0.214624939775	 12.3792526216
0.759662312445	 0.33708929912	 14.2021572785
0.4859743722	 0.00856190739405	 10.4373347376
0.988967044125	 0.657282362483	 19.1254021195
0.925812847057	 0.968685282087	 20.2783686527
0.267533682707	 0.540535976182	 12.8106448383
0.440251233428	 0.759855217518	 15.3883084938
0.842385665333	 0.228560160905	 13.5374813204
0.2745646631	 0.706261547255	 13.444707656
0.411643051716	 0.130201535346	 10.489142179
0.195310588239	 0.560849313662	 12.332162674
0.598494447049	 0.960071571607	 18.474325458
0.53277995314	 0.608980763773	 15.9566586713
0.148854754462	 0.413801917956	 10.6390874864
0.279791291655	 0.695422837926	 13.4802655093
0.267057251121	 0.21440031006	 9.50241714734
0.367684398584	 0.470549056244	 13.275375834
0.338394971014	 0.60573215603	 13.898213341
0.181203668857	 0.879910294567	 13.5129229838
0.694171364986	 0.534763218086	 16.1598551588
0.0581622757312	 0.326006639961	 9.02054793576
0.690107368939	 0.645064277659	 16.6605776245
0.811954177833	 0.89150854359	 18.0713451365
0.315366369654	 0.493730682734	 12.9124978753
0.330041610587	 0.127922265882	 9.5339854831
0.140117091673	 0.256469445117	 8.86697528191
0.0880287634973	 0.53882553301	 11.4530480736
0.702922441438	 0.563072593302	 16.3588995085
0.684766747923	 0.226248007739	 12.9803655712
0.19940434771	 0.567574848681	 12.4021512213
0.884285593836	 0.422264548597	 15.982048009
0.00423664431117	 0.0200516046712	 6.1903699948
0.305304593013	 0.615374231489	 13.571746643
0.0845654364158	 0.22451034397	 8.22015326543
0.680690553975	 0.984991944292	 19.0968928427
0.341072807231	 0.601138984552	 13.9106508505
0.518429833496	 0.023124777687	 10.8380655311
0.329834411644	 0.139441178094	 9.60845401923
0.250821679075	 0.769980983014	 13.3536836411
0.681202579841	 0.0410229291543	 11.6693039317
0.0773751220988	 0.724929220965	 11.9885171964
0.103209698945	 0.317019985981	 9.22799248472
0.269337628257	 0.0497665134203	 8.37755934688
0.0311699738973	 0.139034784777	 7.21826576026
0.399327228755	 0.933705730141	 16.350765304
0.638378126109	 0.242060997291	 13.0282247045
0.679644184774	 0.273633189559	 13.3973321828
0.515238016011	 0.321827687017	 13.1716292626
0.948670909645	 0.352362520422	 16.0298822559
0.803562803499	 0.641192963154	 16.9383723688
0.843325578614	 0.606160371954	 17.0835343538
0.870384985738	 0.405162983321	 15.6403410098
0.679002691631	 0.620637161474	 16.5792302106
0.527733709481	 0.564439977845	 15.7107008052
0.53576198171	 0.393770719328	 14.1542404593
0.89831938758	 0.63272940593	 17.7123088181
0.549123072126	 0.0539390563972	 11.289558181
0.508528114184	 0.175146723096	 11.8016974566
0.21502321882	 0.434612268764	 11.3586701384
0.545956820398	 0.25041213288	 12.690113227
0.27093438018	 0.530146339996	 12.7672289943
0.473234073267	 0.403287483073	 13.7174687247
0.103753520138	 0.373477653184	 9.86976508059
0.654421262275	 0.54419894042	 16.1619822627
0.544752713706	 0.843818111751	 16.765875496
0.723163049723	 0.684589241302	 16.7798086869
0.0304136620391	 0.308127957921	 8.62722317144
0.68241231987	 0.155772775966	 12.4496301092
0.913473044181	 0.141926539515	 13.6400416029
0.879121443829	 0.216268356771	 13.7715297311
0.841589754827	 0.848229682202	 17.839628632
0.335464711227	 0.888592372033	 15.0284127549
0.159767792788	 0.849109514021	 13.0718474522
0.381734548756	 0.439717601282	 13.1104139086
0.117859780615	 0.601005264708	 11.9939510722
0.26975582015	 0.666879301421	 13.3396062115
0.799387944034	 0.603684022673	 16.8034188688
0.00818480951547	 0.952335238529	 13.2699572245
0.919681167716	 0.642935321723	 18.0119598024
0.379506347679	 0.561913765537	 14.1602794036
0.88281206862	 0.459528804052	 16.3766797979
0.779218244791	 0.598558900351	 16.7005358201
0.422279225857	 0.933526555971	 16.6130757529
0.408430907176	 0.605779122278	 14.7080801174
0.0532742895125	 0.470763867938	 10.6196715505
0.03741423522	 0.704132867585	 11.6759535483
0.000590241046158	 0.0420655670149	 6.32499939037
0.111125615145	 0.139574896771	 7.77430915436
0.508078364754	 0.356288399928	 13.4980223851
0.270903310053	 0.98362360573	 15.7346438592
0.908999919657	 0.65486233947	 17.8961168553
0.802086967781	 0.819708367418	 17.393846063
0.245173438844	 0.808286060555	 13.4607391529
0.239811622393	 0.562356561064	 12.7003006653
0.357717006445	 0.158659198257	 10.0542875525
0.776854433422	 0.916341667653	 18.2262657146
0.313698555696	 0.879762535745	 14.6930992118
0.346256094079	 0.657555361284	 14.1289556684
0.995789594191	 0.772070735064	 19.4564659611
0.0556672112417	 0.434872667603	 10.2519253178
0.376303258231	 0.293931795313	 11.4034844109
0.816135550598	 0.441020196663	 15.6264281618
0.699240298853	 0.63493113674	 16.6491505642
0.518995785299	 0.0560312222056	 11.0826837135
0.67303524996	 0.891383085497	 17.7137025887
0.172199432127	 0.642744419172	 12.4912751759
0.487439348507	 0.340984581094	 13.1359867899
0.710426718902	 0.975198966136	 18.9743640371
0.0216646826286	 0.897305758366	 12.6082777986
0.383238640663	 0.833848356851	 15.0765393334
0.174711386839	 0.71659159085	 12.6313404531
0.0996964890387	 0.335610166005	 9.40916622907
0.969908679493	 0.656615504959	 18.8029042272
0.784523760355	 0.461305430107	 15.6946335632
0.471166971099	 0.492625144507	 14.6556496119
0.773155291849	 0.723249807483	 16.9514663404
0.193768102169	 0.440604391686	 11.2608518261
0.54202392042	 0.571428645315	 15.8544447487
0.926770942408	 0.839747176507	 18.7038876055
0.149881236344	 0.376120719423	 10.2076034806
0.108972503237	 0.0262238208383	 6.98189942098
0.0745859588783	 0.182965535364	 7.83138287879
0.766077178545	 0.667221423254	 16.8456420996
0.797870977334	 0.288503415271	 13.8189727998
0.155511015313	 0.972100269233	 14.613560866
0.826024913086	 0.946782069315	 18.9031766204
0.0187870745691	 0.396547480009	 9.54189146436
0.633798217063	 0.7360745802	 16.7043011706
0.912650616678	 0.537731794234	 17.4378469919
0.390792399583	 0.00532401758524	 9.37010033393
0.803863244127	 0.982157926433	 19.3507340822
0.907246441833	 0.662268505834	 17.8876888718
0.342475463915	 0.239150256485	 10.4969944686
0.77501968694	 0.935429368599	 18.4879290308
0.960326091654	 0.1756073786	 14.5617096651
0.585352748793	 0.513118268675	 15.7029243347
0.427425177661	 0.794400692288	 15.364363503
0.935782384244	 0.724624821471	 18.3744095058
0.70030586052	 0.690614518612	 16.7544837331
0.653556704508	 0.536753982881	 16.1079043637
0.247915703045	 0.779477018602	 13.3592275698
0.119093437247	 0.643888168397	 12.1337030794
0.386987314296	 0.55996254157	 14.235953293
0.641436344497	 0.478923529722	 15.5834787091
0.978094112266	 0.239193050395	 15.3523377144
0.0121683330897	 0.955257988418	 13.3470338105
0.312007721263	 0.278072578631	 10.519986934
0.415559047212	 0.594966732958	 14.7471115887
0.986114565743	 0.707524685761	 19.1546637173
0.318320213039	 0.534688276324	 13.2855446352
0.448685496987	 0.501587113761	 14.5009393704
0.417608198179	 0.167617862663	 10.8120996422
0.395484065254	 0.389089098635	 12.6904008784
0.200719419832	 0.816918673206	 13.1434718769
0.359990924062	 0.151486391272	 10.0313761699
0.566874319907	 0.844843411261	 16.9118225583
0.780561072536	 0.622040264932	 16.7888016199
0.731038006846	 0.336114577415	 14.1292304904
0.142711455066	 0.255009660514	 8.87107175962
0.349353644135	 0.279133771103	 10.9439811043
0.467761404913	 0.149032331659	 11.2337063445
0.130261785975	 0.252723866894	 8.76715916728
0.1965036919	 0.80170062616	 13.0305140369
0.537556824225	 0.198411222868	 12.2023786331
0.429217105479	 0.871915565728	 15.9313561246
0.577612147772	 0.553914252374	 15.965993968
0.39131807321	 0.195837438722	 10.7121272236
0.625405087581	 0.077149407216	 11.8062778445
0.786189948524	 0.0575248526801	 12.0101815899
0.746347311179	 0.38262914432	 14.693985144
0.68241143329	 0.59100540427	 16.4730628931
0.129175675457	 0.5385021012	 11.7236620913
0.0741675490697	 0.241218312457	 8.29127868805
0.381668911423	 0.285671168584	 11.3825863391
0.66175935208	 0.986834685483	 19.0972153341
0.356861514964	 0.838597097831	 14.804589897
0.2250993423	 0.709330887674	 13.0060249186
0.347720365913	 0.53536332616	 13.6175768113
0.0885833614639	 0.827353218935	 12.4357938443
0.208835137676	 0.463452749117	 11.6219748926
0.29029579312	 0.810202953384	 13.8984155163
0.592594728642	 0.615184935723	 16.3300560399
0.754748563793	 0.254896563428	 13.348398508
0.0582481701081	 0.828555373708	 12.2363181988
0.315605149864	 0.812271126601	 14.174202708
0.956639415945	 0.629191248282	 18.5241295704
0.103291989211	 0.853987130786	 12.7349660742
0.633428123493	 0.245899205988	 13.0493547601
0.207872029425	 0.507721315301	 12.0387315398
0.121565847934	 0.906020082427	 13.4083326774
0.707862192483	 0.819282181168	 17.1370658262
0.383820523775	 0.92319130538	 16.0204701693
0.133954769476	 0.716250051397	 12.3513373678
0.254604024627	 0.00363162694656	 7.89370765594
0.120891465311	 0.201544046299	 8.27891643047
0.763345268091	 0.378049959712	 14.6826003263
0.482030641623	 0.613581830492	 15.5343693713
0.26766037224	 0.638433584331	 13.2613432173
0.671571930279	 0.921369154411	 18.0904909079
0.502866821238	 0.855286124426	 16.5308619163
0.967751721097	 0.768895414931	 18.9721482209
0.421191836883	 0.271979797587	 11.7069763834
0.0977318783796	 0.83102681364	 12.5214182731
0.129600019654	 0.559512898444	 11.8649152573
0.453930718852	 0.044846419159	 10.3836317971
0.214337769106	 0.822896582858	 13.2858899781
0.538659615981	 0.92439462495	 17.603384961
0.907973984208	 0.0940275570535	 13.250750257
0.67811681141	 0.042658178854	 11.6764707038
0.422666570796	 0.441774943387	 13.6077266643
0.956872732738	 0.59531750159	 18.4100340883
0.190000607426	 0.509747306889	 11.9201566129
0.521828885083	 0.197074586397	 12.0730154351
0.359731351276	 0.877494637564	 15.1838061567
0.981470925787	 0.77686631668	 19.226746726
0.0645015041607	 0.905876674144	 13.0239152383
0.458459437223	 0.834056039234	 15.9298566278
0.176779872859	 0.147684647544	 8.27441112558
0.90666228487	 0.285523440459	 14.7145201569
0.0430554269502	 0.501048200316	 10.8368569512
0.990568458035	 0.835498061519	 19.6852720681
0.396299638539	 0.993073414266	 17.2718193998
0.796670194803	 0.842065867576	 17.5210923138
0.646106953184	 0.394381331413	 14.662919591
0.905709738673	 0.470629222401	 16.7603850029
0.934642166265	 0.552191070822	 17.841390413
0.909857465861	 0.47715640081	 16.8789494998
0.426820787077	 0.588682314373	 14.8480470602
0.317310465837	 0.14939761606	 9.53850567207
0.589332443146	 0.850962921954	 17.0756255555
0.277776249244	 0.865021412128	 14.1767596235
0.787128961018	 0.775675858267	 17.1248289398
0.415130186014	 0.998756516873	 17.5886488834
0.79087823647	 0.575648796422	 16.6392417512
0.113509968198	 0.573815491271	 11.8395089961
0.0143812008271	 0.902208688349	 12.6120700695
0.336697257555	 0.368344863879	 11.7703611011
0.55088318165	 0.637464026884	 16.1687609755
0.582727067725	 0.484925217153	 15.4356553832
0.634355240194	 0.847142260817	 17.202209018
0.446209395934	 0.500079377883	 14.4604756537
0.810346920372	 0.00340606959607	 11.7185097033
0.160710498019	 0.325029934651	 9.70005597591
0.213937387959	 0.896009948702	 13.9423486741
0.148216222149	 0.107886764437	 7.81109240444
0.317200965187	 0.508640754378	 13.0656458911
0.821480858028	 0.995651083748	 19.6798968564
0.851869681923	 0.608837599818	 17.1624012786
0.0376019009273	 0.0634644908275	 6.75974540731
0.630736077179	 0.819882309365	 17.0011764387
0.265512404998	 0.969219009556	 15.44221262
0.550387302666	 0.573771199478	 15.9233365746
0.618621916201	 0.074914199923	 11.7703261634
0.170388139072	 0.936192296091	 14.1526854806
0.267295214637	 0.0832930440178	 8.59000295289
0.282428939274	 0.726146181234	 13.5521642866
0.262808570525	 0.210581668458	 9.43221870315
0.277129402173	 0.480421617978	 12.3926454788
0.737549092711	 0.30132296523	 13.7645627733
0.873509621701	 0.975882419973	 19.7635873633
0.822016369877	 0.0751254376077	 12.3109318525
0.315458568481	 0.925785789609	 15.281042155
0.859384399028	 0.133253291512	 12.9807899877
0.442224344716	 0.363942420476	 12.9311428784
0.747469663898	 0.0287096425092	 11.685973377
0.315476964544	 0.749779590695	 13.9401386018
0.886870172299	 0.040626344881	 12.6284445036
0.588353430495	 0.663608548264	 16.4307065542
0.872916866287	 0.42457942802	 15.8888549403
0.973049684638	 0.197425784415	 14.9301096345
0.114762616064	 0.130045503183	 7.73478590291
0.586723778443	 0.122440499973	 11.9627668382
0.266596812444	 0.196301652353	 9.35764955393
0.0552936670281	 0.962383266211	 13.7797964867
0.334925375335	 0.964015764106	 16.0758461401
0.723234015366	 0.219769238871	 12.9836377755
0.932546679939	 0.00935199867152	 12.9806506476
0.981654819017	 0.0322643679707	 13.9328098955
0.253313346942	 0.551957197784	 12.7558164193
0.00917776100404	 0.76471181875	 11.5800447783
0.0846541935526	 0.817086347739	 12.3457983273
0.0351043563027	 0.528157712521	 11.0043613983
0.209436971269	 0.288764068805	 9.67519672477
0.490484412803	 0.371377977169	 13.5137394531
0.391980059031	 0.653430477332	 14.6503825609
0.195241388636	 0.181501233485	 8.64600697131
0.684394006603	 0.296962856914	 13.6372279532
0.93295518742	 0.426240091128	 16.6498271008
0.474021117117	 0.0231702438544	 10.4323945896
0.0206555271896	 0.104767834091	 6.91195149414
0.625628095701	 0.664543409793	 16.5706612215
0.95219755803	 0.43246943375	 17.0105045185
0.707670566307	 0.343602138302	 14.176659365
0.0740619349996	 0.420185448194	 10.2131837377
0.701624330239	 0.80422382425	 17.0456348591
0.951983592227	 0.83217293477	 19.0248696094
0.56361438826	 0.550365983992	 15.866671612
0.501095189565	 0.477606517076	 14.7976909299
0.680491549808	 0.575706294963	 16.3964397393
0.857161825657	 0.450074155656	 16.0234126905
0.471174911897	 0.832079300793	 16.0479066621
0.675636267807	 0.524450997275	 16.05423723
0.563446505107	 0.805704045269	 16.6403405749
0.607382003514	 0.259150402661	 13.087463738
0.310243211796	 0.604604965131	 13.5856231821
0.0458480923021	 0.457576360237	 10.4296804988
0.891906860139	 0.232143800765	 14.0436603802
0.44415604479	 0.69950458762	 15.320280205
0.925503777978	 0.69627322248	 18.184724231
0.625830375737	 0.383894964027	 14.4888581411
0.437359281288	 0.641946934992	 15.1459882924
0.356319888469	 0.784871287014	 14.5017045841
0.00819061887118	 0.751417618551	 11.5378503997
0.742046758935	 0.306440058192	 13.8271132031
0.0149607831573	 0.338158773697	 8.83822765857
0.589185818121	 0.786947070241	 16.689144505
0.870366216076	 0.208563161765	 13.6210327559
0.0817368353057	 0.119886120196	 7.44764177276
0.98904830084	 0.645436682301	 19.1022581793
0.128364844479	 0.690765256392	 12.277405327
0.959477852357	 0.607437061822	 18.4994747318
0.232572093809	 0.962389526099	 15.0365229125
0.700553377641	 0.182984253433	 12.6675216139
0.766217930293	 0.504174640401	 16.0489519576
0.574042988127	 0.365787232686	 14.0686394869
0.293751525715	 0.420436575466	 11.9141116782
0.52640222738	 0.461443013032	 14.844260279
0.866265646055	 0.0742055396756	 12.6511272422
0.198989312408	 0.937505224583	 14.3813174626
0.607858069556	 0.617529788917	 16.3988936819
0.629749940519	 0.243495134362	 13.0182739858
0.394679221357	 0.210148413642	 10.8615629377
0.151983236671	 0.989512266958	 14.8837850964
0.743814108661	 0.879137250484	 17.6907101799
0.0014632322838	 0.704470982309	 11.4017295067
0.307262066337	 0.497910724363	 12.8644547854
0.675251425403	 0.0311868860727	 11.587896542
0.370759319045	 0.553895476028	 14.0092835662
0.874378217766	 0.513206925166	 16.8001504231
0.317583240115	 0.603760735031	 13.6611319492
0.583611925288	 0.292288763899	 13.3085276153
0.548051704933	 0.276122878712	 12.9444262412
0.0112929853945	 0.310725478472	 8.50924033849
0.0864308449529	 0.491891250871	 11.0541585527
0.501148903523	 0.870221932274	 16.6539294947
0.747906630064	 0.74937797318	 16.9331884968
0.989644422583	 0.264677967405	 15.7785843915
0.372735588136	 0.230557129191	 10.7715940716
0.102486816026	 0.515229132132	 11.3673560862
0.511328400396	 0.129724929423	 11.5149020445
0.92254101521	 0.978503427537	 20.3962260003
0.0683058367539	 0.00317100191442	 6.53072190595
0.0617972941916	 0.73173042175	 11.8931215558
0.85252139733	 0.0661665950344	 12.4722461107
0.00896228875872	 0.537946643972	 10.878423969
0.3327113821	 0.018737901833	 8.80635206078
0.00879924415819	 0.211359370269	 7.56765530377
0.200109789269	 0.29536313997	 9.67007459785
0.550665754985	 0.251379697686	 12.7300061718
0.233516552915	 0.210748854216	 9.17262149799
0.887001023142	 0.238591335492	 14.0429637366
0.555330162499	 0.452633403505	 14.9535020299
0.331404956629	 0.406760164497	 12.1588529394
0.0159912449311	 0.185047846329	 7.42363374651
0.640139066381	 0.761487351245	 16.7779122665
0.218369820899	 0.176529603483	 8.79047533051
0.905692590818	 0.0977802206486	 13.2467776397
0.794860439851	 0.878051904786	 17.838906542
0.146298826209	 0.832974392497	 12.8576045533
0.150056691698	 0.0431069638402	 7.38005208145
0.286233409954	 0.344323263007	 10.9571250487
0.58954019911	 0.442521759869	 15.0274412518
0.793457047848	 0.664766886719	 16.9396157175
0.119193979036	 0.202367797897	 8.27401303927
0.746162926617	 0.115935140009	 12.2856553538
0.952635368603	 0.811559921074	 18.9077565268
0.219836584765	 0.286111412302	 9.73160341943
0.252124909514	 0.422844051355	 11.540965477
0.248639641125	 0.0322630086834	 8.05950700911
0.251767186559	 0.194798747642	 9.20949909526
0.349924187044	 0.454264758262	 12.9007178868
0.874312213975	 0.659555970633	 17.5052026536
0.615482228864	 0.864529018692	 17.2981862893
0.386533447276	 0.426093898205	 13.013647285
0.244495100021	 0.830202069054	 13.5861196373
0.877360696671	 0.910828941901	 18.8241154503
0.604926501581	 0.11383824229	 11.9825695017
0.0722686705956	 0.797534506296	 12.160351278
0.885466041244	 0.532268884061	 17.0690047801
0.920767426279	 0.930772888176	 19.6217801225
0.75475107753	 0.370544578204	 14.5726263364
0.456341939899	 0.351884076863	 12.9452707076
0.396049856827	 0.471315365368	 13.6138233034
0.0171103728584	 0.127344647813	 7.03419367875
0.168015661107	 0.566815161159	 12.168740871
0.871609364066	 0.71139581298	 17.5574398428
0.149495155863	 0.457683933116	 11.1316559525
0.627304197492	 0.135191039451	 12.1980932863
0.0796888531197	 0.612038323685	 11.7808128559
0.235428373187	 0.6450574049	 12.9866576829
0.171543108503	 0.855905163832	 13.2116135223
0.309740320424	 0.428358801857	 12.1708541279
0.549966255972	 0.886347960306	 17.2026249008
0.916377425994	 0.844792426793	 18.5997476988
0.684515962868	 0.0691877878093	 11.8730332713
0.186789441702	 0.534606501721	 12.0941494058
0.985127523891	 0.726146511398	 19.1664804612
0.191663620245	 0.35599721026	 10.2703822126
0.962464849398	 0.507745995629	 17.9346556816
0.870318221713	 0.857995106662	 18.173605939
0.781766187426	 0.627041606681	 16.8079892339
0.665843467225	 0.34207708876	 14.096688301
0.120415182297	 0.948560821827	 14.0005918129
0.0326303167422	 0.270884960035	 8.26785872007
0.613895965454	 0.964931724953	 18.6103658146
0.210167885291	 0.246969512386	 9.2847991962
0.847907947782	 0.327066053177	 14.5405630322
0.402955302926	 0.359740181062	 12.4360122965
0.0494534167033	 0.941821927507	 13.4170536598
0.697730374101	 0.00682590302329	 11.4346435678
0.0971443800317	 0.135454142263	 7.65412635467
0.368886750237	 0.890322024126	 15.4300191627
0.140859649795	 0.228076510693	 8.62384510319
0.311443646054	 0.51069440327	 13.0214091919
0.901089682353	 0.539457228782	 17.3034402091
0.90355448323	 0.541927030603	 17.35122471
0.432124129405	 0.871463585193	 15.9595866752
0.580835256813	 0.474976988009	 15.3285948059
0.512451141061	 0.35562997457	 13.5277592641
0.433101354573	 0.0741585886249	 10.360195028
0.205216364778	 0.762996525633	 12.9524849913
0.133584393356	 0.208248488763	 8.41505924823
0.163593601329	 0.362881788492	 10.1480350068
0.0492881669354	 0.36032943489	 9.34555305736
0.60969443051	 0.677974445344	 16.5411035097
0.867346847142	 0.0870776805375	 12.7485281477
0.643822853684	 0.196314123285	 12.669940964
0.342425094284	 0.575129350211	 13.8066174364
0.837953260806	 0.67060860028	 17.2064272165
0.985298908722	 0.0179478989361	 13.8868717014
0.316090247703	 0.480362896264	 12.7926418696
0.0362055890356	 0.0523725960647	 6.67169532233
0.366772282868	 0.55915846936	 13.9956065817
0.135515022935	 0.0683058910904	 7.45985300109
0.318836448075	 0.741522244612	 13.9586301152
0.567172979338	 0.996804329094	 18.9390572958
0.60510421036	 0.890395751474	 17.5310136659
0.572889052999	 0.480920063987	 15.3465820369
0.415545320891	 0.0714907442188	 10.1423952144
0.0629311501327	 0.658406880839	 11.7867322554
0.859172816001	 0.019048221333	 12.1885462268
0.180226690385	 0.327467197372	 9.86469875474
0.313068436552	 0.834196312856	 14.2845185224
0.252399562816	 0.306213549913	 10.2170948687
0.487584146976	 0.950807243675	 17.5661812236
0.2945149553	 0.633704373917	 13.514109297
0.0485993855879	 0.431440110733	 10.1632879566
0.927213084794	 0.217404904055	 14.37658531
0.356461612643	 0.654144754402	 14.2389588071
0.565541449891	 0.57603154541	 16.0279761898
0.608552711128	 0.675386534425	 16.5329656725
0.322663919202	 0.35171617638	 11.4232812599
0.397006186522	 0.522337032441	 14.0897507964
0.567001668337	 0.873965391459	 17.1747343967
0.395836144554	 0.449247681722	 13.3794205516
0.832654442498	 0.971074936523	 19.3357374714
0.242895566208	 0.730430183111	 13.1907375244
0.24761187344	 0.741120316614	 13.2524624448
0.0385273584675	 0.50712846571	 10.8575466383
0.569978695246	 0.699591385776	 16.3933806091
0.917030561867	 0.795095281083	 18.3067767141
0.563080450209	 0.497174757702	 15.44550609
0.0132262511999	 0.552665671143	 11.011461342
0.562224439015	 0.742101844032	 16.4186254643
0.165398050795	 0.588661502102	 12.2619182262
0.0515825960094	 0.725899676742	 11.8112413593
0.821608411915	 0.437776157539	 15.6231088579
0.687685986198	 0.6623105522	 16.6918131596
0.303598551835	 0.0882451194663	 8.98555765362
0.757997690675	 0.357076720858	 14.4250095031
0.161376320829	 0.442206687707	 11.0457025544
0.832941092887	 0.954186464578	 19.0647672986
0.567338729927	 0.969856387438	 18.4825845326
0.173424821859	 0.490417431878	 11.6260836119
0.00837717634403	 0.233966521058	 7.74963002074
0.876560334932	 0.0593936699935	 12.6512786365
0.654430204358	 0.50954128212	 15.8945599731
0.987577001753	 0.993596303954	 21.6740904566
0.123341100773	 0.262073555129	 8.80704277206
0.99141867585	 0.329943955925	 16.4802674175
0.180478601198	 0.911772748392	 13.8852975469
0.617221895831	 0.308157803373	 13.6079351928
0.554386613567	 0.427407059581	 14.6687027813
0.457984920669	 0.55212408536	 14.99024712
0.169778112471	 0.615603495443	 12.3983078825
0.955168733812	 0.592039800008	 18.3689010592
0.787499667754	 0.282535841118	 13.7149655744
0.154595760124	 0.00643849978916	 7.13428721967
0.981318878684	 0.119062173556	 14.5238849672
0.380014849553	 0.654723245746	 14.5132981275
0.734599554382	 0.618132590409	 16.6559994355
0.439562674235	 0.814933773378	 15.6034214398
0.442359785466	 0.835303710449	 15.7648238153
0.0540248385457	 0.722010449375	 11.8221911467
0.0972981493044	 0.387560562322	 9.99119881617
0.443387474099	 0.181987095438	 11.2046606382
0.448948372319	 0.852894392562	 15.9742770523
0.0364078476068	 0.193918041489	 7.64280084968
0.975615505803	 0.449966374697	 17.5832673223
0.389735730668	 0.912646944439	 15.9472982989
0.775873048277	 0.173523201361	 12.7571552016
0.597886065195	 0.180404840987	 12.4084276895
0.775720536914	 0.556432754253	 16.4726470076
0.798589793382	 0.0649274809316	 12.1146837205
0.928006235883	 0.229811060769	 14.4897773523
0.84978138148	 0.441597494001	 15.8678129753
0.888850418822	 0.101641844126	 13.0708654044
0.0537932421801	 0.468288289593	 10.598061259
0.930468301545	 0.465313928807	 17.0398884853
0.507471845269	 0.16419198663	 11.7153774023
0.541032492115	 0.427207357313	 14.5775485184
0.887914006513	 0.740951238991	 17.7805198917
0.477762643289	 0.148954900499	 11.3341641922
0.145954864844	 0.971248270103	 14.5344637585
0.611015954565	 0.224972529613	 12.8020392482
0.810977205511	 0.216121635489	 13.2306814924
0.453994219375	 0.877176092235	 16.2579942363
0.10340270921	 0.102951634118	 7.48033381809
0.0525829304278	 0.151703514079	 7.45908857158
0.374531630875	 0.321645512712	 11.6758560829
0.280122536406	 0.0141627593899	 8.21773103837
0.487118003642	 0.445369998378	 14.3310658221
0.740798337105	 0.303096157637	 13.7894604484
0.581186662517	 0.313146098325	 13.5146325233
0.752994636369	 0.174145565184	 12.6961472322
0.48935061082	 0.445778132627	 14.3567440943
0.458738864254	 0.538113445963	 14.9030739157
0.536138060082	 0.316347710748	 13.2747999542
0.824107725131	 0.951486458457	 18.9637121897
0.55900753986	 0.635495963253	 16.2148149435
0.723644663255	 0.31980780186	 13.936771347
0.592290459566	 0.462590979958	 15.2551949057
0.484432367168	 0.394138282714	 13.7215010701
0.536259196011	 0.218134754643	 12.3474307524
0.241023037855	 0.200160740754	 9.15497846459
0.594488083821	 0.245329350618	 12.911533066
0.780629622347	 0.905300934759	 18.0962378047
0.759726897341	 0.328281256704	 14.1043089
0.942635566218	 0.344283196028	 15.8456511832
0.361565445365	 0.595278746492	 14.1208000536
0.660676925427	 0.408838638731	 14.8603982157
0.786665915715	 0.853525385209	 17.5716199346
0.288607201778	 0.224602306735	 9.79564592888
0.397440083291	 0.698608229939	 14.787022842
0.669822534722	 0.175627268913	 12.56867725
0.388697792972	 0.901858970287	 15.7979762348
0.959904956446	 0.604225104925	 18.4942893117
0.78011769515	 0.839803463924	 17.437087921
0.222192907586	 0.0658812658703	 8.07380955096
0.611358555557	 0.384691605	 14.4518647423
0.710752493674	 0.293678917704	 13.6413379426
0.433962360054	 0.808291117482	 15.5047339405
0.093247732584	 0.407841905594	 10.2003493867
0.153241501088	 0.533614045313	 11.8498869882
0.732770717278	 0.987187275137	 19.2131812808
0.75346768901	 0.14425075334	 12.490797005
0.437006118339	 0.542189068133	 14.6956745086
0.637761137965	 0.70084251108	 16.6585741173
0.97330705283	 0.942207350864	 20.5936283033
0.208560721531	 0.158384041225	 8.58514289094
0.970031824245	 0.160520851345	 14.6138189133
0.968225770792	 0.11983713837	 14.3105144101
0.584950480775	 0.129882830615	 12.0037814226
0.133799104763	 0.333833669176	 9.61520561142
0.793744629119	 0.702264075585	 16.9977246103
0.317273710628	 0.13708814994	 9.45526022429
0.35862666949	 0.174151079553	 10.1731874856
0.235018683173	 0.496950310412	 12.1645810129
0.488723300653	 0.92261220255	 17.1618258675
0.0897595147309	 0.532891209937	 11.4215023348
0.564810633628	 0.142769919403	 11.9841587593
0.360514690793	 0.137870373428	 9.94560578142
0.893642498108	 0.34854189294	 15.23413441
0.0648517488214	 0.475175291522	 10.7452291892
0.529037099047	 0.88722425101	 17.0642166506
0.719086179442	 0.206137729356	 12.8687708356
0.908352276661	 0.00505777986697	 12.6164282917
0.697193781316	 0.0421577860934	 11.7006648062
0.819685179882	 0.189398088097	 13.0746846542
0.797284812524	 0.813418968046	 17.3347857979
0.771483219095	 0.110149956249	 12.3140974838
0.400281349807	 0.104797493259	 10.1892875448
0.718629925925	 0.994061645692	 19.3078839384
0.522729118988	 0.651964623354	 15.9983808182
0.667057143752	 0.142717088991	 12.3366421574
0.371461627245	 0.348896853122	 11.9444922642
0.75062290865	 0.41138612804	 15.038257415
0.368046760304	 0.548998012564	 13.9461267104
0.205941455034	 0.065292083806	 7.94018489141
0.238001728356	 0.0208475458699	 7.88051634987
0.66946179713	 0.456761045638	 15.4115045793
0.616649690574	 0.56775277179	 16.2111423169
0.0541909424388	 0.815075753782	 12.124605334
0.818872396106	 0.00758630815389	 11.7998489071
0.430185309458	 0.785724194933	 15.3597042097
0.415445909893	 0.859786907104	 15.6590250521
0.695203719822	 0.660629737186	 16.6995023653
0.905766713729	 0.77895723538	 18.0961299654
0.584966560807	 0.0473012589389	 11.4449651304
0.454472885499	 0.688738636073	 15.416723366
0.523161153228	 0.58473652646	 15.781894799
0.349352561811	 0.841191849574	 14.7380138901
0.245438453821	 0.639539116059	 13.0607068967
0.436753444007	 0.148738919237	 10.8987490734
0.019076931219	 0.129919701446	 7.06635595037
0.288215197807	 0.472364966854	 12.4221778149
0.0267649701467	 0.0671368148194	 6.70483177409
0.796410374191	 0.980234478337	 19.2829361184
0.4310081757	 0.469788085998	 14.000299893
0.602694612006	 0.0968688437992	 11.8616124543
0.538683949769	 0.674017993411	 16.1582305412
0.944272506189	 0.643166621044	 18.3673407158
0.544901631411	 0.410121949328	 14.4085933666
0.911822214706	 0.523349742441	 17.3185920829
0.477590820436	 0.733774783591	 15.7241353365
0.437864893055	 0.0672525704703	 10.3660155934
0.591832366667	 0.866014105809	 17.2211742209
0.369313464346	 0.0961754423001	 9.77104098434
0.10571233841	 0.906332300573	 13.3074561593
0.111090061736	 0.654201489619	 12.1028165331
0.0875072628527	 0.512369479476	 11.2436429847
0.911192841566	 0.234471545305	 14.3004345619
0.3073729462	 0.611359626515	 13.5798423637
0.573474969186	 0.560482191281	 15.9849000445
0.392035734862	 0.040894282387	 9.65406558872
0.595234900929	 0.27676652304	 13.2064869309
0.620423961269	 0.437886500499	 15.0933752323
0.268618113616	 0.995788997928	 15.9218802219
0.321637449969	 0.971047810831	 16.0444074578
0.477709944856	 0.534015365353	 15.0678172857
0.2688822114	 0.173812186309	 9.21466837397
0.706146213695	 0.455543669281	 15.4529320281
0.585168619379	 0.182593862124	 12.3681173272
0.509966134827	 0.658686126752	 15.9064325281
0.759757905953	 0.666547348295	 16.8268945854
0.41378845266	 0.685246523916	 14.957446824
0.596871535468	 0.477404369056	 15.425742432
0.630301112091	 0.306361645588	 13.6280833272
0.0631672441449	 0.147835608524	 7.50708598394
0.972719675462	 0.892708809046	 19.9195359416
0.827033902404	 0.259172974865	 13.6973237119
0.838852482358	 0.789558954419	 17.4662619304
0.541210538739	 0.302985892732	 13.1689878616
0.106831643744	 0.997787715032	 14.7258623727
0.998774397784	 0.850910686239	 19.946682936
0.445753637475	 0.729640741421	 15.3838363225
0.910494963271	 0.541988196755	 17.4398101758
0.125127879612	 0.976269170751	 14.4789813439
0.537733496737	 0.769626582181	 16.3279499418
0.622511951702	 0.0647741465644	 11.712800788
0.461967075492	 0.0119751739993	 10.222794247
0.265900028682	 0.961535867318	 15.320657537
0.691460743708	 0.565691787015	 16.3577971127
0.112043619885	 0.685240509527	 12.1614091904
0.605445285289	 0.637462718008	 16.4467894296
0.688334588504	 0.927896014507	 18.2071113939
0.44736351886	 0.611002292472	 15.1664047955
0.529760929523	 0.589023797764	 15.8529125848
0.679343119589	 0.187963934016	 12.6732962213
0.0555457444276	 0.116331479001	 7.24376461472
0.0427098431982	 0.555093992723	 11.2476274989
0.305108977504	 0.784646683935	 13.9343565894
0.161899578074	 0.150182561784	 8.18654714891
0.865606734286	 0.0896711759545	 12.7492721393
0.352884068327	 0.690050064328	 14.2572811335
0.562713350619	 0.266820204366	 12.9469974696
0.134696560248	 0.577743350061	 12.0003634406
0.248120204132	 0.856090699107	 13.8186844024
0.264852852053	 0.933097362456	 14.8741467601
0.021760630845	 0.610918551423	 11.363420757
0.282340279545	 0.474612566992	 12.3861854615
0.436516984109	 0.809102267533	 15.5375473738
0.185262107959	 0.767800313823	 12.8161253532
0.034046858035	 0.636739268758	 11.5327766003
0.823673313539	 0.429409421633	 15.5422297296
0.849076818038	 0.354782796955	 14.8623638346
0.354976449248	 0.910837934525	 15.5199712183
0.99039743974	 0.789186002508	 19.4253035903
0.229458762778	 0.94236213013	 14.6970250868
0.365535855793	 0.867663736988	 15.1522008521
0.321879184352	 0.217640349411	 10.0884718632
0.257707820497	 0.690932995762	 13.2639606358
0.979559903626	 0.520952547948	 18.3273869956
0.107197109443	 0.68471820453	 12.1285958403
0.89855637349	 0.781519514411	 18.0163689413
0.00183712297802	 0.31218590783	 8.45034186735
0.776526606031	 0.7013448722	 16.9299407234
0.996080845428	 0.89818529195	 20.381775142
0.798222237325	 0.689548959111	 16.9996958949
0.380549085607	 0.0350041820668	 9.4768960312
0.768164734412	 0.457061346883	 15.5941800242
0.865000315192	 0.131779292461	 13.0227566592
0.857155699232	 0.645433784269	 17.3133747136
0.8861271016	 0.701278773135	 17.6958376901
0.436154732115	 0.516021246716	 14.487105673
0.0983572024765	 0.242485698251	 8.46490871908
0.574941978722	 0.177781190697	 12.282372098
0.35848793914	 0.643178619016	 14.2387478351
0.594747093577	 0.893825334494	 17.5290932225
0.433204191926	 0.553644113033	 14.7293245381
0.421843616941	 0.75487385708	 15.1684976987
0.625681358571	 0.945349774277	 18.3382977702
0.14147975613	 0.127203584169	 7.89344811307
0.292479331707	 0.616254995987	 13.4419227308
0.638527990098	 0.20156651436	 12.6973554864
0.271416086545	 0.595425050127	 13.155600755
0.264379579639	 0.829889228695	 13.7647260355
0.106595131202	 0.782619222577	 12.3288403545
0.153030302832	 0.714201342597	 12.4767163755
0.782102236596	 0.943420683386	 18.6319202346
0.902075757663	 0.0244861361498	 12.6876118487
0.661038836339	 0.91041877193	 17.9261730092
0.770278925976	 0.454180376715	 15.5699410883
0.750273489168	 0.284091101132	 13.6158639442
0.803083822762	 0.406341125855	 15.1627820295
0.970904949162	 0.0278904846231	 13.7202041739
0.582712678006	 0.12994627487	 11.9934732433
0.766138796211	 0.970502245362	 19.0092101192
0.491963578772	 0.841328276482	 16.3179469553
0.233014341514	 0.028143118143	 7.89295866663
0.803234272166	 0.410544146603	 15.2121695752
0.0840421635647	 0.672755547163	 11.9559734299
0.901111486959	 0.0837874657929	 13.0962657529
0.610791825053	 0.347612312208	 14.0208586449
0.0424431269493	 0.073220616786	 6.86216853382
0.0453456758312	 0.306704002279	 8.72143283693
0.307882510802	 0.537452082862	 13.1938484841
0.620739462656	 0.8504359821	 17.1903688472
0.856230905419	 0.171131684543	 13.2115503953
0.627649064028	 0.876658853339	 17.4555199557
0.249908546562	 0.603009300177	 12.9869415339
0.98827522433	 0.634388072582	 19.0623502235
0.701516354216	 0.310788005267	 13.8066000784
0.992517227724	 0.831451546671	 19.6904916603
0.322760401025	 0.301796753614	 10.8759614664
0.00479855877664	 0.481151582693	 10.3609639293
0.873411436807	 0.784913817273	 17.7501679753
0.14755302647	 0.2416778569	 8.78492497065
0.161235429976	 0.259635861208	 9.03976237303
0.202575908137	 0.164991846789	 8.58448598191
0.553179651238	 0.914247630501	 17.5635185448
0.854607998118	 0.621329434768	 17.227497777
0.316194984213	 0.908346591185	 15.0548425146
0.211025581943	 0.0386814135739	 7.79101383819
0.216005492216	 0.790064164345	 13.1302129515
0.7006825797	 0.310800960451	 13.8055554941
0.219816317569	 0.637256274295	 12.8381567202
0.511518277106	 0.794096348075	 16.2130090079
0.445843386177	 0.083422847603	 10.5641084766
0.0704540075609	 0.230903007983	 8.17757263643
0.523579064485	 0.714744469732	 16.1043945948
0.556126955587	 0.009774272151	 11.0064263198
0.952959158775	 0.458161066716	 17.303173688
0.540343687756	 0.192209199187	 12.1755084303
0.243389154284	 0.214179117374	 9.28499999803
0.606453681694	 0.908677759081	 17.7579881712
0.264116569761	 0.349453458679	 10.8011142154
0.287490800377	 0.0290842419452	 8.40434398701
0.0105019854521	 0.780973910205	 11.6429721731
0.977520148764	 0.0423894912473	 13.937230036
0.076912256447	 0.452154574258	 10.5884959571
0.304227651017	 0.246633408017	 10.1446361601
0.869769693248	 0.193067088948	 13.4965856769
0.194676865909	 0.906033464787	 13.9162051637
0.623181250663	 0.686042434605	 16.5975194518
0.668361201689	 0.0257888990657	 11.536320541
0.97794138438	 0.0287641850075	 13.844091647
0.227406716575	 0.475217202104	 11.8921530982
0.837616581709	 0.949451416109	 19.0241997787
0.00884107667186	 0.138387620916	 7.04359227589
0.0159772624915	 0.137124026718	 7.09057048711
0.913754370635	 0.0847050735165	 13.2633997965
0.53916228757	 0.19484221487	 12.1868750846
0.00791225242455	 0.279711413025	 8.1649816673
0.258939511976	 0.542790214609	 12.7460428376
0.873767967552	 0.530090633993	 16.9287004956
0.5332773288	 0.278945387069	 12.8682396033
0.179943932293	 0.479289416692	 11.5655177438
0.393974238136	 0.901717466248	 15.8578106914
0.20827142541	 0.0256351792602	 7.67265513089
0.051671444224	 0.317155652827	 8.87826620171
0.21886428683	 0.396897539801	 10.9569880507
0.880263607267	 0.728169007858	 17.6730698663
0.59339264389	 0.831940624882	 16.9487842606
0.879072783774	 0.064936338352	 12.7161168448
0.689139619726	 0.131108764972	 12.2932993222
0.410761263564	 0.389611807051	 12.8739297877
0.271598216831	 0.0443812699437	 8.36054851591
0.194301965119	 0.706365789326	 12.7594262237
0.957323978093	 0.909569587692	 19.8756868146
0.02287815461	 0.569569239518	 11.1861457987
0.190715093433	 0.520871734176	 12.0176836974
0.533578797333	 0.162385092898	 11.9125390039
0.0879301444511	 0.48042208079	 10.9542741363
0.0526155654928	 0.841057072599	 12.2855161901
0.88867461147	 0.0148569803757	 12.4556686302
0.800864257656	 0.838693491714	 17.5151807708
0.039744561226	 0.587158191428	 11.4006304064
0.474881380466	 0.175218544467	 11.4877858275
0.818797910348	 0.566304232692	 16.7289745586
0.812341970657	 0.935117126314	 18.6463242674
0.9698794176	 0.662620137668	 18.8136150607
0.87286724317	 0.0634480649762	 12.6418275258
0.337899077729	 0.474839266342	 12.9779934109
0.512211700234	 0.367570880299	 13.6636442523
0.816986902491	 0.58232487923	 16.8028445814
0.846624612447	 0.443072827606	 15.8584053061
0.941771055788	 0.355859044092	 15.9647396076
0.993204353767	 0.566323296941	 18.871892494
0.377227178978	 0.620628504942	 14.3954069618
0.106256724752	 0.686878784506	 12.125532347
0.599839826152	 0.805190804187	 16.8165206391
0.07569524665	 0.419485337103	 10.2163036164
0.586239073382	 0.0608299596474	 11.546584398
0.762618492993	 0.900412366615	 17.9784362699
0.625693832695	 0.764161258548	 16.7470561558
0.944426031666	 0.45465842151	 17.1340933843
0.511903092945	 0.888190756255	 16.9373349276
0.676764846124	 0.276693246086	 13.4225634657
0.589412417441	 0.767395568006	 16.6227716636
0.844180698208	 0.129794214456	 12.8299909836
0.167112264259	 0.687462220427	 12.5356079467
0.715980294665	 0.729542346622	 16.8358092155
0.489265782758	 0.383734531907	 13.646270061
0.9604211934	 0.254740380648	 15.199381585
0.286765152661	 0.0248030242734	 8.36494228177
0.0844613114343	 0.625265997011	 11.8552937639
0.662706950166	 0.218909519118	 12.8847522742
0.740087897189	 0.170436758216	 12.6416460477
0.371971155695	 0.63674440096	 14.3794029095
0.777332812277	 0.45282831688	 15.5785439225
0.808358413563	 0.472051476423	 15.9129806413
0.663910581517	 0.833508022895	 17.1630854059
0.562693092888	 0.562526129807	 15.9366927038
0.932921824384	 0.0340266157628	 13.1735807306
0.0187424889114	 0.0363973995204	 6.42558332189
0.310934544923	 0.537613425235	 13.2274158573
0.617882331591	 0.68138662232	 16.5741109549
0.0170389075184	 0.873884211047	 12.313824629
0.237532890198	 0.967424446541	 15.1607937532
0.345832763128	 0.844781480135	 14.7256914383
0.712665856316	 0.0229134368932	 11.5803486517
0.512063117312	 0.393706278153	 13.9670378899
0.993384735132	 0.231977500627	 15.5516022996
0.395014442807	 0.174232120218	 10.5970999826
0.00468828122454	 0.538397057476	 10.848001546
0.620080616523	 0.162558041798	 12.3622642
0.837526518274	 0.22211391341	 13.4477813251
0.937356429229	 0.673401717239	 18.3215273297
0.971260048141	 0.437883832968	 17.3782381361
0.838390060072	 0.60522606107	 17.0426952688
0.714969608021	 0.410528744746	 14.9626463314
0.511382381812	 0.271868753751	 12.6256226431
0.336999003327	 0.925548039555	 15.5145645385
0.0782992726005	 0.832164464382	 12.3989181298
0.749974857415	 0.162001497279	 12.6037792778
0.430567317906	 0.835296739215	 15.6333798009
0.508818267118	 0.507805814807	 15.1464868975
0.503779900245	 0.171920212114	 11.7373516377
0.990715670682	 0.748343001912	 19.3050591881
0.285571962282	 0.347317203404	 10.9845055083
0.707633312469	 0.870117540639	 17.5371765581
0.551498386089	 0.286355050207	 13.0679470012
0.358833168016	 0.544705210715	 13.8107846996
0.886336600158	 0.703925457083	 17.7019306113
0.225543657428	 0.0200603667812	 7.76936081245
0.657442100886	 0.263302085616	 13.2615982226
0.876634071691	 0.160452330589	 13.3318721194
0.996298080459	 0.800762657731	 19.5784028563
0.252363305469	 0.0157099005532	 7.96783890368
0.820733908441	 0.110515506712	 12.5396435741
0.152063497252	 0.384362049824	 10.318587685
0.172579296441	 0.0948123594257	 7.89293234005
0.549206001532	 0.654779646309	 16.1962866893
0.785318315215	 0.0578982477743	 12.0094126155
0.0512934888101	 0.472345708975	 10.6216643052
0.74170049758	 0.207865762381	 12.9222627344
0.595493580683	 0.110532070241	 11.9229466984
0.898653099824	 0.87354108976	 18.6323146064
0.936354507906	 0.389074007348	 16.2699672537
0.0826167332324	 0.817534347815	 12.3346976915
0.441386428185	 0.349493041559	 12.755791953
0.427385840054	 0.709182053097	 15.1470641169
0.728067768704	 0.43583132764	 15.2715190963
0.266534687479	 0.150854146905	 9.03299539399
0.0528442213709	 0.962217341003	 13.7598047809
0.96727842373	 0.0672766762316	 13.942987821
0.593010178157	 0.973145852371	 18.6649603871
0.575894608369	 0.970665597745	 18.542271865
0.145309595496	 0.719339951235	 12.4322039108
0.841282163748	 0.114588532831	 12.7069824008
0.204336631874	 0.946665709499	 14.5603582443
0.233145329047	 0.616524744983	 12.8891304314
0.911760953265	 0.711314806056	 18.020220105
0.773053722108	 0.299047210602	 13.8302296018
0.849546713749	 0.138302219262	 12.9297542566
0.399955342902	 0.489158349863	 13.834468161
0.703918485195	 0.0340872893648	 11.6511897545
0.0751993881491	 0.368122974402	 9.61618415776
0.155651213329	 0.909666831763	 13.6834944598
0.443664301262	 0.589243920689	 15.0386626036
0.426141326104	 0.859264458254	 15.7765144332
0.925586420908	 0.900337579404	 19.2834698168
0.0811291157618	 0.610896386614	 11.7865593453
0.776961208427	 0.917537479458	 18.2426806315
0.556157236866	 0.469918600825	 15.1398275116
0.176168367943	 0.00816196251766	 7.29855295383
0.0240787579369	 0.278573544281	 8.27832733787
0.720304194544	 0.402257395637	 14.8749859762
0.541868839497	 0.271337015168	 12.8561982494
0.973299122303	 0.920350430022	 20.2790388483
0.264019255018	 0.384298904754	 11.2036548615
0.10538594207	 0.395291540499	 10.1350587016
0.241411962145	 0.726625485227	 13.1712453892
0.312707685936	 0.685886983601	 13.8047834373
0.0265498357224	 0.706770072718	 11.5991651853
0.6373293255	 0.290410811789	 13.4816012889
0.771042746736	 0.864185764869	 17.6119768894
0.905780099458	 0.69448420868	 17.9194018968
0.439117135981	 0.584813356474	 14.9679494077
0.76203587303	 0.315758376715	 13.9739203128
0.883368326195	 0.786673623264	 17.8615554248
0.694337546414	 0.759002646295	 16.8674414355
0.0511912076457	 0.812997942296	 12.0916502984
0.446629247474	 0.686471161919	 15.3287223905
0.650710516403	 0.423535826848	 15.0096911098
0.735754468465	 0.857715305428	 17.4666550971
0.994440204509	 0.0175070688986	 14.0406179435
0.914913095044	 0.775065605022	 18.201182835
0.595649156037	 0.762250378521	 16.6352742273
0.348238819656	 0.404502292979	 12.3221175528
0.0406062166629	 0.928403697461	 13.1569187367
0.807313682776	 0.516426784554	 16.3170136054
0.612606446526	 0.823894632201	 16.9701679256
0.16618957958	 0.570270444968	 12.1752019916
0.723071361286	 0.582774034224	 16.4944776232
0.976728093591	 0.256314976075	 15.4816893204
0.679348558448	 0.779093130543	 16.907036594
0.390795190179	 0.940255273829	 16.3479474801
0.41202410991	 0.146460543007	 10.6023869265
0.170389707783	 0.393121686409	 10.5477889474
0.98695386146	 0.914916243823	 20.4363857307
0.899604081861	 0.66317414586	 17.794288067
0.503330252279	 0.642340660684	 15.8144305369
0.605173703941	 0.954728146016	 18.4155279615
0.392927179191	 0.391826484272	 12.6925304937
0.729224473488	 0.80377926399	 17.0857644138
0.739325488289	 0.159587121325	 12.5644359579
0.633577130258	 0.268834765168	 13.2601559742
0.274168782866	 0.255448423069	 9.92073797712
0.00882019825475	 0.119592695188	 6.91855634347
0.67180541846	 0.795918701901	 16.9623236385
0.106865603238	 0.946697832281	 13.8823392059
0.465827608413	 0.782458202821	 15.7339409053
0.0415249185624	 0.079932042273	 6.90113613753
0.81454524347	 0.0965162644374	 12.4105046612
0.037443731569	 0.657562629238	 11.6034615938
0.0438211728055	 0.414942071934	 9.94111851624
0.81514168044	 0.114044480398	 12.5299952609
0.842625273748	 0.910121361833	 18.5005736814
0.975060632781	 0.614144411863	 18.7783025705
0.821339847322	 0.159231838109	 12.8696341507
0.574122551749	 0.875391676903	 17.2282342514
0.865528955643	 0.17159557605	 13.2995982958
0.828717318213	 0.39805085828	 15.2142257345
0.512477448518	 0.797251191475	 16.2351724156
0.668253467764	 0.325976874904	 13.92126637
0.855965219963	 0.930771132029	 18.8922077692
0.808548240002	 0.0497968268112	 12.0576495689
0.0151740670813	 0.575486334398	 11.1590060644
0.0994261089756	 0.0871215611745	 7.34849723223
0.871210282018	 0.0475739146928	 12.5133647485
0.281170007205	 0.304993186827	 10.4760776455
0.932542112635	 0.94672897278	 20.0248206288
0.784579755771	 0.458634088808	 15.6667275726
0.117234169039	 0.9638074461	 14.221170531
0.223470317618	 0.641162579249	 12.8774965789
0.778481275779	 0.50970676915	 16.1363291485
0.885503491351	 0.938914597214	 19.3035634581
0.366036563157	 0.709398384737	 14.4364817402
0.0944034754726	 0.430918312159	 10.471997317
0.672173598076	 0.274784349753	 13.3967420344
0.373229855689	 0.759466929897	 14.6158910716
0.211034665469	 0.922333111022	 14.2576460234
0.140869435357	 0.222971021683	 8.58169042646
0.614394761677	 0.230071125239	 12.8561126921
0.839958321173	 0.358828303524	 14.8373650535
0.127243730488	 0.669036405854	 12.2367386615
0.427437595278	 0.623905870616	 14.9867545627
0.111936749893	 0.0530171508146	 7.19685591249
0.295334344488	 0.515155511489	 12.8903058695
0.199070520528	 0.208212653022	 8.87595254342
0.836158683417	 0.242043281914	 13.6062614348
0.347018228892	 0.87129585446	 14.9750262188
0.997900422604	 0.772240508398	 19.4936543701
0.140529859273	 0.764693286149	 12.4953137772
0.0904306584332	 0.79951824123	 12.2922585781
0.276010812074	 0.21924703649	 9.62722368035
0.426135692038	 0.142206625005	 10.7352737112
0.666868473885	 0.823129180953	 17.0993873222
0.666361920172	 0.797427104536	 16.9600256268
0.161268273111	 0.272543358547	 9.16168820592
0.837398005302	 0.326526093091	 14.4536746915
0.746940264492	 0.566882735154	 16.4558041432
0.149333499603	 0.221331642995	 8.62537490018
0.923277821259	 0.901929928219	 19.2708115047
0.595961187303	 0.0159451316443	 11.2612550745
0.0167789899508	 0.937738402468	 13.114270458
0.798655727316	 0.697869734473	 17.0135391628
0.259565082511	 0.908684016988	 14.4907068985
0.0730643900197	 0.688031124838	 11.9047295302
0.688192985847	 0.37031496132	 14.4558717307
0.812711870419	 0.189558722865	 13.0355899831
0.962222434614	 0.932896058204	 20.2740976203
0.339055393436	 0.329779749246	 11.3579144141
0.794891055006	 0.343057744202	 14.3917005778
0.588534979443	 0.691114651094	 16.4746213825
0.945241536219	 0.753986132254	 18.5745661926
0.27585901151	 0.353260499338	 10.9566853009
0.0750371733983	 0.804322793509	 12.2116818978
0.844694155732	 0.223036122417	 13.50969168
0.472012988335	 0.346133506096	 13.0425156085
0.282816221692	 0.0292619176669	 8.35903449961
0.59471467533	 0.950485907896	 18.307063745
0.171049718724	 0.754193024526	 12.6770900775
0.773019782314	 0.535466167624	 16.3222620662
0.848053949281	 0.423304471362	 15.6484113759
0.621183253859	 0.0680188715224	 11.7311410559
0.152719562731	 0.587031842825	 12.1669849496
0.84222164685	 0.474146847948	 16.1518209458
0.933592903568	 0.493752718708	 17.3647593232
0.410139478127	 0.78362048899	 15.1225428064
0.920645759739	 0.900989224866	 19.2230041592
0.659511383569	 0.21494951588	 12.8470533671
0.308800451223	 0.557511544069	 13.3373291664
0.0361839894992	 0.298797862925	 8.57220565603
0.787965484998	 0.25109843778	 13.4197797422
0.648193355756	 0.303875732988	 13.6455525194
0.133367973837	 0.333457101296	 9.60813564488
0.321172514639	 0.277893014548	 10.617109175
0.310592863727	 0.918602510252	 15.1299123409
0.574753279199	 0.497216778241	 15.5107187916
0.264178530571	 0.289781862968	 10.1558014052
0.799317888141	 0.334019467042	 14.310265948
0.14903807833	 0.387264302981	 10.331907813
0.673352572634	 0.940736350844	 18.3717620531
0.832972302202	 0.494884094006	 16.2841926393
0.168493135981	 0.886069919047	 13.4891787783
0.0395677990671	 0.582838343127	 11.3788803425
0.971527806898	 0.316972613715	 16.0017346789
0.522903306377	 0.305476226212	 13.0585208227
0.415522968733	 0.108809910385	 10.3922679028
0.617596422331	 0.701414952606	 16.6020156271
0.129225432287	 0.0104085083633	 6.99478917483
0.241433237679	 0.354321908348	 10.6517425344
0.434551558923	 0.712367469377	 15.2323899455
0.52031926128	 0.0326747472206	 10.9248553906
0.0190266791932	 0.443576045529	 10.0797482091
0.168471194003	 0.808203979439	 12.859311918
0.745974006362	 0.804154535161	 17.1199970244
0.616855009123	 0.209453827531	 12.6968880751
0.792108144081	 0.289295007508	 13.8015033391
0.164956547647	 0.0388936959	 7.45192692686
0.390379547109	 0.954981897335	 16.5696743631
0.684174626376	 0.659985297259	 16.6824283788
0.379997568487	 0.436152696518	 13.0505309909
0.909615062549	 0.998928027072	 20.5737624254
0.333618360902	 0.587873396097	 13.7703575047
0.486924667656	 0.203167569485	 11.8127062423
0.511359339016	 0.0889303709312	 11.244637893
0.796161611634	 0.404630697265	 15.1104292548
0.654309192146	 0.780279121877	 16.8679891087
0.235447954514	 0.94768127676	 14.8287613086
0.98694477938	 0.485323226951	 18.1377015877
0.0722247272912	 0.639508257948	 11.810318306
0.678512248361	 0.218169072685	 12.9048892383
0.777956865739	 0.281914577131	 13.6732518061
0.260070396817	 0.0853002010268	 8.53589863605
0.618977675234	 0.75599971748	 16.7048211021
0.694303374251	 0.30547519103	 13.7401351417
0.297301410057	 0.0539199447425	 8.68450180777
0.175543582563	 0.254420895493	 9.09253329012
0.208799132154	 0.0421449219655	 7.79869632379
0.399249654642	 0.00993408685303	 9.50492420368
0.503276350328	 0.00273328070848	 10.5510430764
0.381665575056	 0.0968085770072	 9.91912625406
0.161947105809	 0.696815998852	 12.5129708672
0.0726229412468	 0.780427915614	 12.0930859958
0.680428568851	 0.64081762267	 16.6365404628
0.530776564529	 0.722174450928	 16.1714064582
0.220313555909	 0.406142768875	 11.0762396789
0.0178660874942	 0.00422881191764	 6.17359653234
0.415696246658	 0.616881071016	 14.8308064313
0.96548326144	 0.838905991433	 19.2887915303
0.0533816124457	 0.917380942253	 13.0960576315
0.395799395838	 0.414399982921	 12.9880828797
0.159179487989	 0.0915757686755	 7.77767492704
0.451934170276	 0.54440854739	 14.8745079067
0.85217639555	 0.664602333681	 17.308386076
0.191808324359	 0.595830941616	 12.4835513082
0.820786866461	 0.247406971984	 13.5513296206
0.292460863437	 0.257778472404	 10.1235838596
0.972145458404	 0.147126009406	 14.5572446859
0.632450783744	 0.361674156624	 14.2488945809
0.724834362235	 0.500279870934	 15.9234323381
0.218915416098	 0.859683909932	 13.6025809915
0.537098837359	 0.0219611384376	 10.9725674331
0.21858928558	 0.168725339608	 8.73688902413
0.322068916408	 0.162803043824	 9.68215242845
0.645241320378	 0.608492368602	 16.476437257
0.387883687479	 0.257515230866	 11.185194518
0.635218719105	 0.375516720427	 14.4168033664
0.767977454014	 0.863951922609	 17.6003709061
0.71959010882	 0.939124252174	 18.4157529676
0.301357768111	 0.851134817053	 14.2913073412
0.405699609062	 0.857920895189	 15.5297182177
0.6174168825	 0.286588526627	 13.3862335937
0.280270791055	 0.857014680388	 14.1281322417
0.483309191598	 0.152659623214	 11.413760841
0.580093885635	 0.141497503145	 12.0577147352
0.0611814340372	 0.260213055278	 8.37233700597
0.775027770502	 0.208177949889	 13.0122721837
0.863473507073	 0.0402610172993	 12.3860939061
0.337101197567	 0.00427593908942	 8.74281320097
0.68796563654	 0.615147832747	 16.5748207535
0.784404675897	 0.815603195665	 17.2933507437
0.907780337567	 0.423638550596	 16.2765867767
0.366629391408	 0.608563175203	 14.2315613679
0.485953999759	 0.193577101393	 11.7305665293
0.432554571792	 0.391579347024	 13.1454646477
0.888903007627	 0.0808986869201	 12.9327836553
0.726824575373	 0.705995144972	 16.8164582626
0.91396712784	 0.568434629063	 17.6509522282
0.705313514039	 0.123101330099	 12.2631900936
0.873634661558	 0.0519367116223	 12.5687831634
0.608033777781	 0.112684465933	 11.9864928013
0.22919101163	 0.687580015344	 13.0089833473
0.383657777107	 0.686131806173	 14.6083689486
0.220102970446	 0.0958441547499	 8.25952820489
0.346869590306	 0.505742433961	 13.3700304917
0.809786340369	 0.866382510712	 17.7947312876
0.378407520285	 0.942673686774	 16.2397157594
0.56324818701	 0.184230946283	 12.2642261739
0.503644795704	 0.679869728163	 15.887081804
0.762989283587	 0.119500132454	 12.3506690116
0.972529574813	 0.556997045972	 18.4657715934
0.00490433999841	 0.285462758183	 8.19824317632
0.832192884494	 0.0544178406372	 12.2340389535
0.31180804712	 0.678425685674	 13.7840125703
0.127430707718	 0.717936837348	 12.3105528604
0.589427191153	 0.268431497852	 13.1008996585
0.810359791895	 0.0729521431089	 12.2287576864
0.193337357955	 0.764399484997	 12.8659620841
0.602030533677	 0.216593129795	 12.7004148607
0.392579701104	 0.848298903482	 15.2951492065
0.173117940152	 0.064442484106	 7.69090812952
0.498507739922	 0.203910492903	 11.9263274008
0.682543606696	 0.244525394588	 13.1332063055
0.18928533502	 0.613790360847	 12.5329811276
0.959607877935	 0.548321748223	 18.1993212468
0.966225088129	 0.991590535415	 21.2816146394
0.751573859561	 0.574077836552	 16.5057023602
0.37217024706	 0.0788682949206	 9.68813922331
0.528278039983	 0.17929043365	 11.992151895
0.56694548927	 0.433545386668	 14.8129724329
0.556814722101	 0.575703886973	 15.9743054056
0.560025701081	 0.927534000025	 17.787879587
0.553904813446	 0.117532847785	 11.7502928563
0.884402911629	 0.741574178849	 17.7427731866
0.367724621474	 0.443759148384	 12.991850355
0.562240652371	 0.39175802717	 14.3052181133
0.669654969627	 0.998109014209	 19.3054666617
0.0523287636474	 0.917524718112	 13.0905334809
0.990043911094	 0.862980280958	 19.9019190426
0.463366889667	 0.663250697553	 15.4703128138
0.466660205818	 0.373214470983	 13.2998094523
0.156233805845	 0.200980294841	 8.5116719821
0.477236714482	 0.282167923434	 12.4106777737
0.20805380588	 0.609031477722	 12.6590509195
0.282671921744	 0.832310063128	 13.9576866333
0.0880719472182	 0.226974434006	 8.26408924269
0.424416739583	 0.214197245769	 11.2370583598
0.836990783369	 0.492197392262	 16.2878789753
0.061680088756	 0.2040067586	 7.90012090905
0.698633537095	 0.30898418089	 13.7833402284
0.299396988909	 0.210757221495	 9.79427701699
0.0124871209199	 0.758293244665	 11.5883521296
0.325584623365	 0.24399351066	 10.3508540619
0.105256826942	 0.505388737105	 11.3017875415
0.738771508501	 0.947077037118	 18.5694552703
0.932643144088	 0.0172469207228	 13.0432390458
0.495970889384	 0.485289799935	 14.8263322068
0.549233234361	 0.426514864182	 14.6253903651
0.927570131759	 0.593931098775	 17.9628631616
0.435932765821	 0.962756642979	 17.2173226015
0.517886944103	 0.00812028765519	 10.7179823431
0.627039999092	 0.965088247083	 18.6539526214
0.65314638528	 0.199731928461	 12.71591738
0.838265384105	 0.0357573254098	 12.1429981694
0.847066647643	 0.134871784141	 12.886664874
0.841186461621	 0.178478132576	 13.1410598777
0.146362767693	 0.251627698493	 8.86505530166
0.503974686429	 0.692258872784	 15.9081304771
0.512430013146	 0.0709602586658	 11.1320421769
0.947089280065	 0.838568661242	 18.9947610123
0.366624759216	 0.0376434216635	 9.33422424479
0.409352408503	 0.963079389043	 16.9198855375
0.953890109045	 0.168837832188	 14.4114090966
0.197095278875	 0.976832305398	 14.9907741026
0.338579950053	 0.696042919894	 14.103461194
0.928945850413	 0.825812912279	 18.6377089143
0.804331978948	 0.612660531509	 16.8600171924
0.807755660309	 0.235229162569	 13.3716758816
0.904122232696	 0.213045867395	 14.0340732407
0.123263858031	 0.769664336517	 12.3951290235
0.99140938379	 0.75900896666	 19.3428832632
0.623155305649	 0.0889813810129	 11.8793596105
0.52831997462	 0.178532909275	 11.987017993
0.54075128645	 0.409759571561	 14.3757242769
0.140276140113	 0.544012725676	 11.8362280413
0.791462324097	 0.714788846	 17.0061926277
0.140187362728	 0.936336388196	 13.9476383377
0.93198022057	 0.358700018018	 15.8530087804
0.977789042501	 0.190500631131	 14.9574105449
0.400270890173	 0.840960069027	 15.3271585075
0.0859311659525	 0.394327255829	 9.99423613828
0.00980890754696	 0.211572524789	 7.57724088153
0.356056164015	 0.83402089	 14.7622836687
0.625307947453	 0.0948739383021	 11.925100389
0.796523569837	 0.75898783956	 17.114853617
0.306693328173	 0.173290135705	 9.59071822581
0.734864592298	 0.937570673613	 18.4186378972
0.219250259879	 0.329970187782	 10.1904342782
0.332415403514	 0.966966957159	 16.0959778107
0.0509589236928	 0.0185919903759	 6.52962190093
0.181950707742	 0.462408403488	 11.408495892
0.96587157036	 0.0367352609779	 13.7030427825
0.797633033944	 0.525421916718	 16.3419450471
0.890218543049	 0.963899180783	 19.7459602584
0.717915256623	 0.249905689672	 13.2322691966
0.910401008013	 0.0118633890899	 12.6961699222
0.987945353625	 0.413305754568	 17.3808563055
0.269971481028	 0.883010960009	 14.2840701541
0.498465352051	 0.385747619799	 13.7550174066
0.305247885677	 0.419215744371	 12.0193160897
0.248196670632	 0.517943446215	 12.4612167515
0.435975526028	 0.263982400376	 11.7981287491
0.0058278352457	 0.151543423367	 7.10864345872
0.781135093234	 0.70860541436	 16.956574171
0.92372066482	 0.149144254618	 13.8274703192
0.926506869329	 0.887264377504	 19.1434223224
0.350081697684	 0.954500694558	 16.0948100483
0.983817286258	 0.845623614248	 19.6461009973
0.556917672188	 0.871065583454	 17.0859922049
0.154344715119	 0.132748517402	 8.01741744064
0.138849747264	 0.694750567763	 12.3529471467
0.960143151359	 0.194314711761	 14.6956604363
0.136851978361	 0.885395800236	 13.2655662059
0.878168121848	 0.127198880727	 13.1235090773
0.0334282114799	 0.278239101168	 8.3449096244
0.273014615122	 0.00741615070962	 8.09594787863
0.145356690143	 0.83514926589	 12.8665858192
0.0637593850366	 0.456192858086	 10.5414282781
0.716506566352	 0.714080858213	 16.8117905614
0.309414891039	 0.133675049184	 9.34829370366
0.426084889141	 0.360009795306	 12.7051303854
0.447922545298	 0.292374975119	 12.2073429211
0.475188279045	 0.97438078574	 17.8258173251
0.00797937297453	 0.229935830051	 7.71246852216
0.849080294766	 0.49947649285	 16.4481781929
0.78391833609	 0.0791515752218	 12.1504114691
0.989901195937	 0.00250858050903	 13.8451433045
0.786216628831	 0.245451034102	 13.3625381214
0.711706104815	 0.804713949538	 17.06262455
0.734493461376	 0.954813736591	 18.6818153285
0.222488810074	 0.852131671045	 13.5657702763
0.617674740231	 0.183333938738	 12.5021698636
0.218190566909	 0.0905801496335	 8.20892752094
0.902514203771	 0.330378144906	 15.1365630226
0.3469152755	 0.121997050436	 9.68424064669
0.803089774366	 0.556224742761	 16.583771595
0.20467995352	 0.795228291751	 13.0630873248
0.53640745914	 0.792674830378	 16.4026109294
0.705854751787	 0.431350771871	 15.1870032563
0.356370776467	 0.892819301524	 15.3141492524
0.181091946497	 0.101630921321	 7.99923243396
0.858706445878	 0.687417051749	 17.4011364477
0.925778280894	 0.610653654331	 18.0029944455
0.99926869166	 0.43139617308	 17.7827510472
0.0634109233893	 0.665960175052	 11.8037224997
0.251694949927	 0.39205206811	 11.1809260944
0.368369419735	 0.326369735825	 11.6559486494
0.51662602738	 0.59863548466	 15.79045666
0.070697413312	 0.893238003639	 12.9131706441
0.347637009075	 0.737257558832	 14.2707717513
0.346587827007	 0.119376714881	 9.66318495792
0.32928565151	 0.225271582255	 10.2321254679
0.304132881842	 0.668164163469	 13.6862993241
0.678526648432	 0.191510142968	 12.6983235721
0.705305863239	 0.616035670387	 16.6024571377
0.162306657759	 0.58006015651	 12.1993853294
0.0569486543205	 0.660613612169	 11.7490454419
0.26573351501	 0.589381732878	 13.0751777283
0.937720501272	 0.706332777741	 18.3751275513
0.558202642591	 0.569874852213	 15.9516259673
0.247812300404	 0.468524056904	 11.9999445467
0.0545761744744	 0.492850346902	 10.844293366
0.968188884555	 0.503049949495	 17.9868066744
0.744148205038	 0.90271791137	 17.9620583069
0.565928492227	 0.129837123193	 11.9041802483
0.990119618897	 0.508903132626	 18.407227489
0.427987884632	 0.0626571445965	 10.2234144249
0.72323231325	 0.846896338178	 17.3534802912
0.532086674278	 0.185111463532	 12.063205028
0.706273937255	 0.189534075696	 12.723750462
0.347075993103	 0.238829148632	 10.5463796552
0.526903268147	 0.649664010188	 16.0262556389
0.558333958797	 0.165213426837	 12.0992373931
0.234728381044	 0.219645924447	 9.2540963534
0.510427687561	 0.963685624724	 17.9774465983
0.655635745491	 0.859417554354	 17.3548881101
0.0902527406705	 0.0247078474036	 6.84614138732
0.544602485496	 0.229597474342	 12.5004044813
0.332578591907	 0.730977074338	 14.089659692
0.0937688965785	 0.878439865802	 12.9049255529
0.412622975972	 0.593816353901	 14.7083803877
0.0424457456805	 0.0621392790521	 6.78580253281
0.67328243299	 0.0378220508324	 11.6336839738
0.636682296652	 0.311389244569	 13.6981681398
0.300220814906	 0.955523027042	 15.5648579985
0.863113756401	 0.3068079933	 14.4541305967
0.384945656974	 0.294646454396	 11.5116222382
0.11990226496	 0.953406570012	 14.0726817085
0.650859005834	 0.714480959667	 16.7081430917
0.423984431279	 0.208566614412	 11.1876438797
0.630796641182	 0.245628464738	 13.0399213703
0.9134564405	 0.944963322674	 19.7337289988
0.967968168414	 0.214843488551	 14.9816145948
0.296072120113	 0.862374070772	 14.3354456268
0.465087962869	 0.558293436268	 15.1033219094
0.71388252459	 0.210420509395	 12.8943468901
0.462835605267	 0.0835252756916	 10.7464518932
0.0308464547529	 0.968366513408	 13.700412469
0.722073987076	 0.621877517174	 16.6462337414
0.204848995211	 0.295265390089	 9.7055097472
0.919621165204	 0.993892998881	 20.6190257457
0.642541770687	 0.92344302435	 18.0627512766
0.394707339816	 0.843785880894	 15.2840435266
0.727964993291	 0.22133528625	 13.0042470936
0.921697635156	 0.0140936918006	 12.8643490095
0.268367629306	 0.493485204094	 12.4331361206
0.938072009794	 0.352050496299	 15.8658095393
0.109441232631	 0.722508361139	 12.198750492
0.670013567434	 0.119906494126	 12.1897796202
0.689115102936	 0.388058261685	 14.6640673671
0.4210991417	 0.940660593873	 16.7049389775
0.832328134596	 0.977229988286	 19.4360644035
0.702109341944	 0.386520604976	 14.6645860434
0.373552303952	 0.141717544197	 10.1225713233
0.0679709531007	 0.511749213278	 11.1057509706
0.159751132466	 0.58215518874	 12.1920298605
0.212128816244	 0.502747010764	 12.0286323005
0.898061094599	 0.465331052654	 16.6117772605
0.924591767118	 0.300958405998	 15.1108144023
0.13475810007	 0.70731560477	 12.3434818912
0.433705426683	 0.668649194197	 15.1581109622
0.578707235642	 0.435728488205	 14.9003434389
0.363292253436	 0.217862224338	 10.5574661627
0.991332473384	 0.203317110751	 15.2849975552
0.461132113465	 0.892388995542	 16.5010106787
0.816294135685	 0.982663442843	 19.4260226855
0.623426179703	 0.28454216776	 13.384555746
0.868038896053	 0.0658245094953	 12.6106244767
0.942345830241	 0.447726539601	 17.0278384552
0.681985457817	 0.894062953347	 17.7586963094
0.518885463422	 0.820399633721	 16.4106564942
0.838658535681	 0.509037538649	 16.4511581935
0.911178412439	 0.248254888915	 14.4203097124
0.157012159037	 0.708093143181	 12.4949858992
0.824174681665	 0.411770983365	 15.3438854511
0.0302117219111	 0.429294171915	 10.0050115942
0.225356974721	 0.0719095400335	 8.14129169636
0.16523973993	 0.602214222604	 12.3181360126
0.379489628936	 0.796722895821	 14.819861325
0.219890641362	 0.603815513784	 12.7339701755
0.268343135774	 0.283817574342	 10.1353122325
0.149808199109	 0.742034729056	 12.5029547934
0.281679218551	 0.670571634925	 13.4615563888
0.688497017463	 0.554165281811	 16.2841505756
0.66214939762	 0.681896076714	 16.6830063815
0.097364447237	 0.772561029833	 12.2328155471
0.518368299957	 0.814526695259	 16.3720148405
0.110916166945	 0.0575172555348	 7.22183861443
0.646562787281	 0.30724763152	 13.6774801046
0.984977416645	 0.306242680563	 16.1134245567
0.451179109748	 0.344144942495	 12.801854025
0.558836651054	 0.21261545467	 12.4537246561
0.960361113766	 0.27384305126	 15.3775218279
0.919493379346	 0.984857831236	 20.4621058755
0.338225875462	 0.816823349072	 14.4490295353
0.896426690336	 0.0356255332283	 12.702124741
0.970806674149	 0.383703644001	 16.7477215375
0.338951295857	 0.803394231729	 14.3850797195
0.167422877945	 0.0273175221236	 7.38354880637
0.968185978124	 0.0176330472783	 13.5976646693
0.637870785689	 0.568897836082	 16.2782616
0.420354131902	 0.826172206282	 15.4553031363
0.816279648021	 0.0243035764067	 11.913388716
0.618103150347	 0.858514993202	 17.2516266857
0.389108844893	 0.124501875591	 10.1893385465
0.574220534932	 0.0164827986936	 11.1624449439
0.383704893957	 0.499287678798	 13.7386115492
0.214784468366	 0.58545059735	 12.6144400339
0.827693741096	 0.472046635062	 16.0271573907
0.542295152837	 0.189299829154	 12.167527858
0.00837954228463	 0.471893023482	 10.2969519633
0.250549796465	 0.631296154224	 13.0850947397
0.100590314092	 0.452528093393	 10.751225915
0.516335929149	 0.78372973273	 16.2111208621
0.0520366199258	 0.889221969424	 12.7368697333
0.153899587022	 0.918263803057	 13.7850567893
0.811789578022	 0.890291369206	 18.0564707453
0.925483101593	 0.0827746425301	 13.4099977009
0.361758560768	 0.592452791378	 14.1108702911
0.331222517788	 0.66026286856	 13.9651197595
0.87030751215	 0.203515563923	 13.581221665
0.317664408376	 0.871206590239	 14.6479342145
0.330399243318	 0.081599415903	 9.23010493427
0.746918713991	 0.293221269227	 13.7002970233
0.583359650916	 0.0658168233237	 11.5675485955
0.565038304487	 0.813941176982	 16.6936198016
0.44455644031	 0.36407855543	 12.9583392891
0.769654651265	 0.525130942454	 16.2335996386
0.47496399141	 0.174342049934	 11.482365282
0.67884781162	 0.828981653918	 17.1565874375
0.000336633437498	 0.308481068739	 8.39894479686
0.651615520115	 0.150012658592	 12.3569812703
0.858452452533	 0.134379772049	 12.9799438848
0.243895798325	 0.457446230877	 11.8497917324
0.138031937814	 0.905579957995	 13.5122227177
0.506448757261	 0.389575782376	 13.8706779044
0.610671629303	 0.747396375418	 16.6567048936
0.544237270626	 0.64629349488	 16.145198248
0.681487118357	 0.436153877307	 15.2057928133
0.280124965887	 0.125383113847	 8.99339122596
0.662714721246	 0.37801898297	 14.5050863692
0.9533893461	 0.274346438125	 15.2716245355
0.782619991455	 0.440149696302	 15.4592055038
0.155133462708	 0.390316742974	 10.4090731748
0.627668574446	 0.673361957534	 16.5913214918
0.347514150352	 0.225916889808	 10.4421572199
0.156123409314	 0.592750994673	 12.2159766498
0.679852020509	 0.901057830279	 17.8393568739
0.489725440266	 0.330790692218	 13.0436339383
0.798723210404	 0.635127446738	 16.9002231399
0.725173688516	 0.0644620855173	 11.9003741398
0.823328827455	 0.39339226412	 15.1250717228
0.670674114232	 0.0731275906725	 11.878584833
0.000221705854731	 0.0300499399467	 6.233775456
0.0750450776311	 0.0873194625783	 7.18613450268
0.861264810943	 0.54838457891	 16.9379488696
0.0614794657259	 0.998815371526	 14.4375443785
0.430738310052	 0.681946965147	 15.1457906278
0.662329039745	 0.355416925253	 14.2424780101
0.825691489027	 0.966977142978	 19.22167814
0.409771338702	 0.354332492614	 12.4528241453
0.422744605323	 0.831712144118	 15.5195882607
0.502172305605	 0.101569540797	 11.2489562394
0.0102653794326	 0.66108857882	 11.40457895
0.148208755312	 0.766746296782	 12.5530197636
0.599723448701	 0.211104506268	 12.6475367389
0.0681714554686	 0.669690749812	 11.8429648606
0.160231429751	 0.980798765181	 14.7917793723
0.513734013019	 0.327058052271	 13.216440844
0.804156020253	 0.617674427439	 16.8758798679
0.658651771474	 0.788934388409	 16.9095306489
0.452352486941	 0.0438724181659	 10.3596738946
0.15938584331	 0.991268478516	 14.9647417648
0.623958955077	 0.0238071966514	 11.4212553272
0.147946493716	 0.106674531352	 7.8012459136
0.256511887794	 0.65419460065	 13.1924583414
0.927268273002	 0.571750510444	 17.8510766264
0.49906579548	 0.922108442168	 17.2506948864
0.130907858056	 0.898707039879	 13.3799233236
0.64282124373	 0.235962928515	 12.9861241853
0.767714043551	 0.174918668296	 12.7411539667
0.591943961508	 0.46011551412	 15.2277237225
0.107423372592	 0.937186947582	 13.7428037935
0.195590761063	 0.365598318366	 10.4106138051
0.636808702131	 0.270118272422	 13.2806811202
0.094737627213	 0.300350302696	 8.99504425169
0.376780680014	 0.8069060318	 14.837496523
0.545038812874	 0.92225183026	 17.618077574
0.139334263636	 0.826989650243	 12.7703425401
0.985809225841	 0.983171270195	 21.46510483
0.299367282712	 0.100441603152	 9.02276136787
0.764043384855	 0.44004436135	 15.3975092762
0.640003977368	 0.0977831410643	 11.9835460413
0.964073500127	 0.395356718278	 16.7733786572
