0.2 , 5 , 5 , 16856
0.4 , 2 , 3 , 24
0.2 , 5 , 5 , 16856
0.4 , 2 , 4 , 43
0.1 , 3 , 4 , 690
0.05 , 3 , 5 , 2697
0.1 , 5 , 6 , 83888
0.05 , 3 , 2 , 173
0.05 , 2 , 6 , 777
0.2 , 2 , 7 , 264
0.2 , 2 , 7 , 264
0.4 , 5 , 4 , 2762
0.2 , 4 , 7 , 12951
0.05 , 4 , 4 , 5523
0.1 , 4 , 5 , 6743
0.4 , 4 , 5 , 1686
0.2 , 5 , 2 , 173
0.4 , 5 , 4 , 2762
0.1 , 4 , 7 , 25902
0.2 , 2 , 7 , 264
0.05 , 4 , 6 , 27963
0.2 , 5 , 5 , 16856
0.2 , 2 , 7 , 264
0.4 , 2 , 4 , 43
0.4 , 5 , 3 , 655
0.1 , 3 , 4 , 690
0.05 , 3 , 5 , 2697
0.1 , 4 , 5 , 6743
0.2 , 5 , 5 , 16856
0.1 , 3 , 3 , 291
0.4 , 3 , 5 , 337
0.2 , 4 , 7 , 12951
0.05 , 3 , 6 , 4660
0.1 , 3 , 2 , 86
0.05 , 3 , 6 , 4660
0.1 , 5 , 5 , 33713
0.1 , 3 , 6 , 2330
0.1 , 3 , 6 , 2330
0.2 , 3 , 5 , 674
0.4 , 4 , 6 , 3495
0.4 , 3 , 2 , 22
0.4 , 5 , 3 , 655
0.1 , 2 , 7 , 529
0.05 , 3 , 4 , 1381
0.1 , 3 , 4 , 690
0.1 , 3 , 5 , 1348
0.05 , 2 , 3 , 194
0.4 , 4 , 6 , 3495
0.2 , 2 , 3 , 49
0.2 , 2 , 4 , 86
0.05 , 4 , 7 , 51804
0.2 , 3 , 4 , 345
0.4 , 5 , 6 , 20972
0.05 , 2 , 3 , 194
0.2 , 4 , 4 , 1381
0.4 , 4 , 5 , 1686
0.4 , 3 , 4 , 173
0.1 , 3 , 7 , 3700
0.4 , 3 , 3 , 73
0.4 , 2 , 7 , 132
0.1 , 2 , 5 , 270
0.1 , 3 , 3 , 291
0.2 , 3 , 3 , 146
0.05 , 3 , 3 , 583
0.2 , 4 , 4 , 1381
0.4 , 3 , 7 , 925
0.05 , 3 , 2 , 173
0.1 , 5 , 5 , 33713
0.2 , 2 , 6 , 194
0.1 , 4 , 5 , 6743
0.1 , 5 , 7 , 181316
0.1 , 2 , 4 , 173
0.2 , 4 , 4 , 1381
0.05 , 2 , 6 , 777
0.2 , 5 , 6 , 41944
0.4 , 4 , 6 , 3495
0.05 , 2 , 3 , 194
0.2 , 2 , 5 , 135
0.4 , 4 , 6 , 3495
0.1 , 4 , 2 , 173
0.1 , 5 , 5 , 33713
0.05 , 2 , 3 , 194
0.4 , 4 , 7 , 6476
0.05 , 2 , 4 , 345
0.1 , 2 , 4 , 173
0.2 , 3 , 6 , 1165
0.4 , 4 , 5 , 1686
0.2 , 4 , 2 , 86
0.4 , 4 , 4 , 690
0.05 , 4 , 6 , 27963
0.4 , 5 , 3 , 655
0.4 , 5 , 6 , 20972
0.4 , 5 , 5 , 8428
0.4 , 2 , 2 , 11
0.1 , 2 , 3 , 97
0.1 , 2 , 4 , 173
0.05 , 3 , 3 , 583
0.05 , 3 , 6 , 4660
0.1 , 5 , 4 , 11047
0.4 , 2 , 3 , 24
0.2 , 2 , 3 , 49
0.05 , 3 , 6 , 4660
0.4 , 3 , 5 , 337
0.2 , 5 , 6 , 41944
0.1 , 4 , 2 , 173
0.2 , 2 , 7 , 264
0.05 , 3 , 2 , 173
0.1 , 3 , 5 , 1348
0.1 , 5 , 2 , 345
0.05 , 5 , 5 , 67426
0.4 , 4 , 5 , 1686
0.2 , 2 , 3 , 49
0.2 , 4 , 3 , 437
0.4 , 3 , 3 , 73
0.05 , 5 , 3 , 5243
0.4 , 2 , 3 , 24
0.1 , 4 , 4 , 2762
0.4 , 3 , 7 , 925
0.2 , 4 , 6 , 6991
0.05 , 5 , 7 , 362631
0.1 , 4 , 5 , 6743
0.05 , 2 , 4 , 345
0.2 , 4 , 3 , 437
0.05 , 2 , 2 , 86
0.4 , 2 , 6 , 97
0.1 , 2 , 5 , 270
0.1 , 5 , 3 , 2621
0.2 , 5 , 4 , 5523
0.05 , 2 , 2 , 86
0.2 , 2 , 5 , 135
0.1 , 4 , 7 , 25902
0.1 , 4 , 5 , 6743
0.2 , 4 , 3 , 437
0.2 , 5 , 4 , 5523
0.05 , 3 , 4 , 1381
0.4 , 3 , 4 , 173
0.1 , 2 , 6 , 388
0.1 , 5 , 7 , 181316
0.2 , 3 , 7 , 1850
0.4 , 4 , 5 , 1686
0.1 , 3 , 2 , 86
0.1 , 5 , 7 , 181316
0.05 , 2 , 5 , 539
0.2 , 4 , 3 , 437
0.05 , 3 , 6 , 4660
0.1 , 4 , 3 , 874
0.05 , 3 , 7 , 7401
0.05 , 2 , 5 , 539
0.1 , 5 , 3 , 2621
0.05 , 4 , 2 , 345
0.05 , 2 , 4 , 345
0.4 , 2 , 6 , 97
0.2 , 2 , 7 , 264
0.1 , 5 , 3 , 2621
0.1 , 2 , 2 , 43
0.1 , 5 , 5 , 33713
0.05 , 3 , 3 , 583
0.4 , 5 , 6 , 20972
0.2 , 2 , 3 , 49
0.4 , 5 , 6 , 20972
0.05 , 3 , 3 , 583
0.05 , 4 , 2 , 345
0.1 , 3 , 5 , 1348
0.4 , 3 , 7 , 925
0.4 , 2 , 4 , 43
0.1 , 4 , 3 , 874
0.05 , 3 , 5 , 2697
0.05 , 4 , 5 , 13485
0.05 , 5 , 5 , 67426
0.2 , 2 , 7 , 264
0.05 , 5 , 6 , 167776
0.05 , 2 , 7 , 1057
0.2 , 2 , 4 , 86
0.2 , 5 , 4 , 5523
0.4 , 5 , 5 , 8428
0.4 , 5 , 4 , 2762
0.2 , 3 , 2 , 43
0.05 , 3 , 3 , 583
0.1 , 4 , 6 , 13981
0.05 , 5 , 2 , 690
0.1 , 4 , 4 , 2762
0.05 , 2 , 6 , 777
0.05 , 4 , 5 , 13485
0.2 , 4 , 5 , 3371
0.05 , 5 , 6 , 167776
0.2 , 4 , 3 , 437
0.1 , 2 , 7 , 529
0.4 , 2 , 3 , 24
0.2 , 4 , 5 , 3371
0.1 , 2 , 6 , 388
0.2 , 2 , 2 , 22
0.2 , 3 , 3 , 146
0.2 , 4 , 2 , 86
0.4 , 2 , 7 , 132
0.05 , 3 , 4 , 1381
0.1 , 5 , 6 , 83888
0.1 , 4 , 3 , 874
0.2 , 5 , 7 , 90658
0.05 , 2 , 4 , 345
0.05 , 5 , 5 , 67426
0.1 , 5 , 3 , 2621
0.4 , 5 , 5 , 8428
0.1 , 3 , 3 , 291
0.4 , 4 , 4 , 690
0.1 , 4 , 3 , 874
0.2 , 3 , 5 , 674
0.2 , 2 , 6 , 194
0.1 , 2 , 4 , 173
0.05 , 5 , 3 , 5243
0.1 , 4 , 7 , 25902
0.4 , 5 , 2 , 86
0.05 , 2 , 6 , 777
0.05 , 2 , 7 , 1057
0.4 , 2 , 4 , 43
0.2 , 5 , 3 , 1311
0.4 , 2 , 7 , 132
0.05 , 2 , 7 , 1057
0.4 , 2 , 6 , 97
0.05 , 2 , 3 , 194
0.2 , 3 , 4 , 345
0.05 , 3 , 6 , 4660
0.05 , 5 , 6 , 167776
0.05 , 4 , 5 , 13485
0.2 , 4 , 3 , 437
0.2 , 2 , 5 , 135
0.1 , 4 , 4 , 2762
0.05 , 5 , 5 , 67426
0.2 , 2 , 7 , 264
0.05 , 5 , 4 , 22094
0.2 , 3 , 6 , 1165
0.1 , 2 , 7 , 529
0.05 , 4 , 5 , 13485
0.4 , 4 , 6 , 3495
0.4 , 3 , 3 , 73
0.2 , 3 , 3 , 146
0.2 , 4 , 5 , 3371
0.4 , 5 , 5 , 8428
0.4 , 5 , 4 , 2762
0.1 , 5 , 6 , 83888
0.1 , 3 , 7 , 3700
0.4 , 4 , 2 , 43
0.2 , 5 , 4 , 5523
0.4 , 4 , 7 , 6476
0.1 , 2 , 6 , 388
0.1 , 3 , 7 , 3700
0.2 , 5 , 5 , 16856
0.2 , 2 , 4 , 86
0.05 , 4 , 2 , 345
0.1 , 4 , 6 , 13981
0.2 , 4 , 6 , 6991
0.05 , 2 , 3 , 194
0.4 , 5 , 4 , 2762
0.2 , 2 , 6 , 194
0.1 , 4 , 6 , 13981
0.05 , 3 , 6 , 4660
0.2 , 3 , 6 , 1165
0.4 , 5 , 7 , 45329
0.05 , 5 , 7 , 362631
0.4 , 2 , 4 , 43
0.4 , 5 , 4 , 2762
0.4 , 5 , 2 , 86
0.1 , 4 , 3 , 874
0.4 , 3 , 5 , 337
0.2 , 2 , 3 , 49
0.4 , 3 , 3 , 73
0.05 , 2 , 5 , 539
0.2 , 2 , 7 , 264
0.05 , 2 , 6 , 777
0.2 , 3 , 6 , 1165
0.4 , 4 , 5 , 1686
0.2 , 3 , 2 , 43
0.05 , 3 , 6 , 4660
0.2 , 5 , 5 , 16856
0.4 , 4 , 6 , 3495
0.4 , 3 , 5 , 337
0.1 , 4 , 7 , 25902
0.1 , 2 , 6 , 388
0.05 , 5 , 6 , 167776
0.1 , 3 , 7 , 3700
0.1 , 5 , 2 , 345
0.4 , 5 , 2 , 86
0.2 , 2 , 7 , 264
0.4 , 4 , 3 , 218
0.2 , 2 , 2 , 22
0.05 , 4 , 3 , 1748
0.2 , 3 , 7 , 1850
0.2 , 3 , 3 , 146
0.4 , 3 , 7 , 925
0.4 , 3 , 3 , 73
0.4 , 3 , 3 , 73
0.1 , 4 , 7 , 25902
0.1 , 5 , 6 , 83888
0.2 , 5 , 3 , 1311
0.2 , 4 , 7 , 12951
0.05 , 4 , 5 , 13485
0.05 , 5 , 5 , 67426
0.2 , 2 , 6 , 194
0.1 , 4 , 4 , 2762
0.4 , 3 , 6 , 583
0.4 , 5 , 6 , 20972
0.05 , 3 , 3 , 583
0.4 , 3 , 3 , 73
0.2 , 3 , 7 , 1850
0.2 , 4 , 4 , 1381
0.4 , 2 , 5 , 67
0.4 , 3 , 7 , 925
0.4 , 4 , 7 , 6476
0.05 , 4 , 5 , 13485
0.4 , 3 , 3 , 73
0.1 , 2 , 4 , 173
0.05 , 3 , 4 , 1381
0.05 , 2 , 4 , 345
0.1 , 3 , 7 , 3700
0.2 , 5 , 5 , 16856
0.2 , 2 , 5 , 135
0.1 , 2 , 7 , 529
0.4 , 5 , 6 , 20972
0.4 , 4 , 4 , 690
0.2 , 4 , 7 , 12951
0.2 , 5 , 6 , 41944
0.4 , 4 , 7 , 6476
0.4 , 3 , 6 , 583
0.4 , 2 , 7 , 132
0.2 , 4 , 3 , 437
0.05 , 5 , 2 , 690
0.1 , 3 , 3 , 291
0.05 , 4 , 2 , 345
0.2 , 4 , 6 , 6991
0.05 , 2 , 6 , 777
0.4 , 3 , 3 , 73
0.2 , 3 , 5 , 674
0.1 , 2 , 5 , 270
0.4 , 3 , 5 , 337
0.4 , 4 , 3 , 218
0.2 , 3 , 3 , 146
0.05 , 3 , 4 , 1381
0.4 , 4 , 3 , 218
0.2 , 5 , 2 , 173
0.05 , 5 , 4 , 22094
0.2 , 3 , 4 , 345
0.2 , 3 , 3 , 146
0.2 , 3 , 4 , 345
0.05 , 2 , 7 , 1057
0.4 , 2 , 2 , 11
0.4 , 2 , 5 , 67
0.4 , 4 , 2 , 43
0.2 , 3 , 2 , 43
0.4 , 4 , 4 , 690
0.4 , 2 , 7 , 132
0.1 , 5 , 6 , 83888
0.2 , 3 , 5 , 674
0.1 , 2 , 2 , 43
0.4 , 2 , 6 , 97
0.05 , 3 , 6 , 4660
0.05 , 3 , 7 , 7401
0.4 , 3 , 2 , 22
0.05 , 3 , 3 , 583
0.2 , 5 , 2 , 173
0.4 , 4 , 4 , 690
0.2 , 2 , 7 , 264
0.2 , 3 , 6 , 1165
0.05 , 3 , 4 , 1381
0.4 , 4 , 5 , 1686
0.05 , 4 , 7 , 51804
0.4 , 3 , 6 , 583
0.1 , 3 , 3 , 291
0.05 , 5 , 6 , 167776
0.2 , 5 , 4 , 5523
0.2 , 4 , 4 , 1381
0.2 , 4 , 6 , 6991
0.4 , 5 , 4 , 2762
0.1 , 5 , 2 , 345
0.2 , 4 , 7 , 12951
0.1 , 2 , 4 , 173
0.1 , 4 , 7 , 25902
0.4 , 3 , 4 , 173
0.05 , 3 , 4 , 1381
0.2 , 2 , 7 , 264
0.1 , 3 , 5 , 1348
0.4 , 3 , 7 , 925
0.05 , 5 , 6 , 167776
0.4 , 3 , 7 , 925
0.4 , 4 , 6 , 3495
0.2 , 5 , 4 , 5523
0.05 , 4 , 5 , 13485
0.4 , 4 , 7 , 6476
0.2 , 4 , 4 , 1381
0.4 , 2 , 2 , 11
0.05 , 3 , 3 , 583
0.4 , 4 , 5 , 1686
0.2 , 2 , 6 , 194
0.2 , 4 , 7 , 12951
0.1 , 3 , 2 , 86
0.05 , 3 , 3 , 583
0.2 , 4 , 4 , 1381
0.2 , 3 , 4 , 345
0.1 , 2 , 4 , 173
0.1 , 2 , 4 , 173
0.4 , 3 , 4 , 173
0.4 , 4 , 3 , 218
0.1 , 5 , 7 , 181316
0.2 , 3 , 4 , 345
0.05 , 3 , 2 , 173
0.2 , 3 , 2 , 43
0.2 , 2 , 7 , 264
0.4 , 2 , 2 , 11
0.4 , 3 , 5 , 337
0.2 , 4 , 6 , 6991
0.05 , 2 , 4 , 345
0.1 , 4 , 7 , 25902
0.4 , 4 , 5 , 1686
0.1 , 3 , 3 , 291
0.05 , 5 , 3 , 5243
0.2 , 3 , 5 , 674
0.1 , 2 , 6 , 388
0.1 , 3 , 5 , 1348
0.4 , 2 , 4 , 43
0.05 , 2 , 5 , 539
0.05 , 4 , 4 , 5523
0.1 , 3 , 5 , 1348
0.05 , 3 , 7 , 7401
0.4 , 5 , 4 , 2762
0.05 , 3 , 2 , 173
0.05 , 2 , 4 , 345
0.4 , 3 , 3 , 73
0.1 , 3 , 5 , 1348
0.1 , 3 , 7 , 3700
0.05 , 5 , 2 , 690
0.2 , 4 , 2 , 86
0.05 , 3 , 6 , 4660
0.4 , 4 , 6 , 3495
0.05 , 2 , 5 , 539
0.1 , 4 , 4 , 2762
0.05 , 3 , 3 , 583
0.4 , 3 , 4 , 173
0.1 , 4 , 7 , 25902
0.4 , 3 , 3 , 73
0.2 , 4 , 3 , 437
0.2 , 2 , 5 , 135
0.4 , 5 , 6 , 20972
0.1 , 5 , 3 , 2621
0.05 , 4 , 4 , 5523
0.1 , 5 , 6 , 83888
0.4 , 4 , 7 , 6476
0.1 , 5 , 3 , 2621
0.2 , 5 , 6 , 41944
0.05 , 5 , 7 , 362631
0.1 , 5 , 2 , 345
0.1 , 5 , 7 , 181316
0.1 , 4 , 2 , 173
0.2 , 5 , 4 , 5523
0.1 , 5 , 3 , 2621
0.1 , 2 , 5 , 270
0.1 , 5 , 7 , 181316
0.2 , 3 , 3 , 146
0.1 , 4 , 3 , 874
0.2 , 5 , 3 , 1311
0.4 , 2 , 4 , 43
0.1 , 4 , 2 , 173
0.2 , 4 , 6 , 6991
0.2 , 3 , 6 , 1165
0.05 , 4 , 7 , 51804
0.1 , 2 , 5 , 270
0.4 , 3 , 4 , 173
0.1 , 5 , 4 , 11047
0.1 , 4 , 3 , 874
0.05 , 4 , 2 , 345
0.1 , 3 , 6 , 2330
0.2 , 2 , 6 , 194
0.4 , 2 , 6 , 97
0.1 , 2 , 7 , 529
0.4 , 4 , 2 , 43
0.4 , 3 , 5 , 337
0.2 , 4 , 5 , 3371
0.05 , 2 , 5 , 539
0.05 , 4 , 4 , 5523
0.4 , 2 , 6 , 97
0.1 , 4 , 4 , 2762
0.05 , 2 , 3 , 194
0.1 , 3 , 7 , 3700
0.4 , 2 , 4 , 43
0.4 , 5 , 2 , 86
0.05 , 5 , 5 , 67426
0.05 , 2 , 6 , 777
0.2 , 4 , 4 , 1381
0.05 , 4 , 3 , 1748
0.4 , 2 , 5 , 67
0.1 , 2 , 2 , 43
0.2 , 5 , 2 , 173
0.1 , 2 , 6 , 388
0.4 , 4 , 3 , 218
0.05 , 3 , 5 , 2697
0.1 , 3 , 2 , 86
0.05 , 5 , 4 , 22094
0.05 , 3 , 6 , 4660
0.4 , 4 , 3 , 218
0.05 , 4 , 2 , 345
0.1 , 5 , 2 , 345
0.2 , 4 , 2 , 86
0.2 , 5 , 6 , 41944
0.4 , 3 , 5 , 337
0.1 , 2 , 2 , 43
0.2 , 5 , 7 , 90658
0.05 , 2 , 5 , 539
0.4 , 3 , 7 , 925
0.2 , 4 , 4 , 1381
0.4 , 5 , 7 , 45329
0.2 , 3 , 3 , 146
0.2 , 2 , 4 , 86
0.1 , 4 , 2 , 173
0.4 , 2 , 7 , 132
0.2 , 5 , 2 , 173
0.1 , 2 , 2 , 43
0.4 , 3 , 3 , 73
0.05 , 3 , 3 , 583
0.05 , 5 , 6 , 167776
0.05 , 4 , 7 , 51804
0.2 , 3 , 5 , 674
0.1 , 2 , 7 , 529
0.1 , 3 , 3 , 291
0.05 , 3 , 6 , 4660
0.4 , 5 , 4 , 2762
0.05 , 2 , 7 , 1057
0.1 , 3 , 6 , 2330
0.4 , 5 , 4 , 2762
0.05 , 2 , 5 , 539
0.2 , 4 , 5 , 3371
0.1 , 2 , 5 , 270
0.05 , 5 , 5 , 67426
0.1 , 3 , 7 , 3700
0.05 , 2 , 4 , 345
0.2 , 5 , 6 , 41944
0.1 , 5 , 7 , 181316
0.1 , 3 , 2 , 86
0.4 , 5 , 5 , 8428
0.2 , 5 , 5 , 16856
0.4 , 4 , 7 , 6476
0.2 , 5 , 2 , 173
0.2 , 2 , 2 , 22
0.4 , 2 , 2 , 11
0.2 , 3 , 4 , 345
0.2 , 3 , 4 , 345
0.4 , 2 , 4 , 43
0.1 , 4 , 5 , 6743
0.05 , 2 , 7 , 1057
0.1 , 3 , 2 , 86
0.2 , 5 , 7 , 90658
0.4 , 4 , 5 , 1686
0.05 , 3 , 6 , 4660
0.1 , 5 , 5 , 33713
0.1 , 3 , 2 , 86
0.1 , 5 , 2 , 345
0.2 , 3 , 2 , 43
0.1 , 3 , 6 , 2330
0.1 , 5 , 2 , 345
0.2 , 4 , 5 , 3371
0.4 , 2 , 6 , 97
0.2 , 2 , 5 , 135
0.2 , 2 , 5 , 135
0.1 , 4 , 3 , 874
0.05 , 4 , 7 , 51804
0.05 , 5 , 2 , 690
0.4 , 4 , 4 , 690
0.2 , 3 , 7 , 1850
0.2 , 5 , 2 , 173
0.2 , 2 , 7 , 264
0.2 , 5 , 4 , 5523
0.4 , 2 , 7 , 132
0.1 , 4 , 7 , 25902
0.05 , 3 , 2 , 173
0.2 , 4 , 6 , 6991
0.2 , 3 , 4 , 345
0.1 , 5 , 7 , 181316
0.2 , 2 , 3 , 49
0.4 , 4 , 4 , 690
0.1 , 5 , 7 , 181316
0.2 , 5 , 5 , 16856
0.1 , 4 , 2 , 173
0.05 , 5 , 6 , 167776
0.05 , 3 , 7 , 7401
0.2 , 5 , 4 , 5523
0.05 , 2 , 2 , 86
0.4 , 3 , 3 , 73
0.2 , 4 , 7 , 12951
0.4 , 3 , 5 , 337
0.4 , 4 , 7 , 6476
0.4 , 3 , 6 , 583
0.1 , 5 , 7 , 181316
0.05 , 5 , 2 , 690
0.2 , 4 , 6 , 6991
0.4 , 2 , 3 , 24
0.1 , 2 , 4 , 173
0.05 , 3 , 4 , 1381
0.4 , 5 , 3 , 655
0.2 , 2 , 5 , 135
0.4 , 2 , 6 , 97
0.1 , 4 , 5 , 6743
0.2 , 4 , 2 , 86
0.2 , 4 , 4 , 1381
0.05 , 5 , 6 , 167776
0.1 , 3 , 6 , 2330
0.1 , 2 , 2 , 43
0.4 , 3 , 2 , 22
0.1 , 5 , 4 , 11047
0.2 , 5 , 7 , 90658
0.4 , 4 , 2 , 43
0.05 , 4 , 6 , 27963
0.1 , 5 , 2 , 345
0.1 , 5 , 5 , 33713
0.2 , 3 , 3 , 146
0.2 , 4 , 5 , 3371
0.2 , 2 , 7 , 264
0.1 , 4 , 3 , 874
0.05 , 2 , 4 , 345
0.4 , 2 , 5 , 67
0.1 , 4 , 2 , 173
0.05 , 4 , 4 , 5523
0.1 , 3 , 2 , 86
0.2 , 4 , 3 , 437
0.4 , 2 , 4 , 43
0.4 , 3 , 4 , 173
0.4 , 2 , 5 , 67
0.1 , 4 , 6 , 13981
0.05 , 5 , 6 , 167776
0.05 , 3 , 5 , 2697
0.2 , 5 , 6 , 41944
0.1 , 2 , 7 , 529
0.1 , 3 , 5 , 1348
0.1 , 4 , 3 , 874
0.2 , 4 , 7 , 12951
0.4 , 5 , 6 , 20972
0.2 , 5 , 7 , 90658
0.2 , 3 , 2 , 43
0.1 , 4 , 6 , 13981
0.1 , 3 , 5 , 1348
0.05 , 3 , 2 , 173
0.05 , 2 , 5 , 539
0.4 , 2 , 7 , 132
0.4 , 5 , 4 , 2762
0.1 , 2 , 4 , 173
0.1 , 2 , 4 , 173
0.1 , 3 , 5 , 1348
0.4 , 5 , 2 , 86
0.4 , 3 , 4 , 173
0.4 , 5 , 6 , 20972
0.05 , 4 , 5 , 13485
0.2 , 3 , 3 , 146
0.05 , 2 , 2 , 86
0.4 , 4 , 5 , 1686
0.2 , 4 , 4 , 1381
0.05 , 5 , 6 , 167776
0.05 , 2 , 7 , 1057
0.05 , 5 , 6 , 167776
0.4 , 2 , 2 , 11
0.1 , 4 , 7 , 25902
0.05 , 5 , 3 , 5243
0.2 , 5 , 2 , 173
0.05 , 2 , 2 , 86
0.4 , 3 , 5 , 337
0.2 , 3 , 3 , 146
0.05 , 4 , 7 , 51804
0.2 , 2 , 3 , 49
0.2 , 4 , 3 , 437
0.05 , 4 , 3 , 1748
0.05 , 4 , 3 , 1748
0.4 , 2 , 3 , 24
0.05 , 5 , 3 , 5243
0.05 , 2 , 5 , 539
0.4 , 4 , 7 , 6476
0.4 , 3 , 4 , 173
0.1 , 5 , 3 , 2621
0.1 , 4 , 7 , 25902
0.4 , 3 , 3 , 73
0.05 , 4 , 7 , 51804
0.05 , 3 , 6 , 4660
0.2 , 2 , 5 , 135
0.05 , 4 , 3 , 1748
0.2 , 2 , 5 , 135
0.1 , 2 , 5 , 270
0.4 , 2 , 6 , 97
0.4 , 2 , 3 , 24
0.1 , 5 , 5 , 33713
0.2 , 5 , 4 , 5523
0.2 , 3 , 5 , 674
0.2 , 5 , 4 , 5523
0.1 , 5 , 5 , 33713
0.2 , 3 , 7 , 1850
0.4 , 2 , 7 , 132
0.4 , 3 , 4 , 173
0.1 , 5 , 5 , 33713
0.4 , 2 , 2 , 11
0.4 , 4 , 6 , 3495
0.4 , 2 , 4 , 43
0.2 , 3 , 3 , 146
0.1 , 4 , 6 , 13981
0.05 , 5 , 5 , 67426
0.4 , 5 , 3 , 655
0.1 , 3 , 7 , 3700
0.1 , 4 , 3 , 874
0.1 , 2 , 4 , 173
0.4 , 3 , 4 , 173
0.2 , 5 , 3 , 1311
0.1 , 2 , 3 , 97
0.2 , 4 , 5 , 3371
0.2 , 5 , 5 , 16856
0.1 , 3 , 2 , 86
0.05 , 3 , 4 , 1381
0.2 , 2 , 3 , 49
0.1 , 4 , 7 , 25902
0.2 , 3 , 7 , 1850
0.05 , 3 , 2 , 173
0.05 , 5 , 3 , 5243
0.4 , 5 , 6 , 20972
0.1 , 2 , 5 , 270
0.2 , 5 , 2 , 173
0.2 , 5 , 2 , 173
0.05 , 4 , 7 , 51804
0.05 , 3 , 3 , 583
0.1 , 5 , 7 , 181316
0.4 , 5 , 7 , 45329
0.05 , 3 , 4 , 1381
0.1 , 3 , 2 , 86
0.2 , 2 , 5 , 135
0.4 , 4 , 4 , 690
0.2 , 4 , 6 , 6991
0.4 , 3 , 4 , 173
0.05 , 4 , 4 , 5523
0.4 , 2 , 2 , 11
0.4 , 2 , 5 , 67
0.4 , 2 , 5 , 67
0.2 , 3 , 5 , 674
0.2 , 2 , 5 , 135
